0.19335938
-0.22753906
0.0099487305
0.20117188
-0.13574219
0.03173828
-0.2265625
-0.24902344
-0.27929688
0.2734375
-0.296875
-0.0079956055
0.27539062
0.06982422
0.003692627
-0.12207031
-0.45117188
-0.421875
0.25976562
0.007507324
0.103027344
-0.12597656
0.16113281
0.3046875
0.07519531
0.14160156
0.0625
0.11376953
-0.18457031
0.171875
0.19921875
-0.5
-0.11279297
0.08984375
0.21289062
-0.15527344
0.0049743652
0.3203125
0.18457031
-0.375
0.31835938
0.31445312
0.22558594
-0.10498047
-0.091796875
0.095703125
-0.1953125
-0.13867188
-0.34179688
0.24609375
0.35742188
0.018798828
-0.22753906
0.15429688
-0.5234375
-0.030273438
-0.20605469
0.03540039
-0.17675781
-0.0859375
0.040771484
-0.035888672
-0.012329102
0.11621094
0.33007812
-0.014465332
0.39648438
-0.15722656
0.025146484
-0.09326172
-0.24804688
-0.033935547
-0.008544922
-0.076171875
-0.40625
-0.26953125
0.48242188
0.071777344
0.071777344
0.35546875
-0.24707031
-0.41601562
0.09375
-0.09082031
0.12158203
0.20703125
-0.1640625
-0.048339844
-0.30078125
0.29101562
-0.061523438
-0.37304688
-0.515625
-0.021118164
-0.04296875
-0.17773438
0.14160156
-0.16210938
-0.03515625
-0.31054688
0.09277344
-0.10205078
-0.11816406
-0.13183594
-0.026123047
0.23242188
0.13671875
-0.35351562
-0.080078125
-0.048339844
-0.27929688
-0.083984375
0.35351562
0.12792969
0.24316406
-0.24707031
-0.005126953
0.14355469
0.017700195
0.17480469
-0.13867188
0.15234375
-0.1484375
-0.265625
0.18652344
-0.19335938
-0.05102539
0.4375
-0.4375
-0.064941406
-0.05859375
0.17480469
0.16796875
-0.16894531
-0.15136719
-0.1328125
0.0054626465
-0.2734375
0.13085938
-0.10498047
-0.017456055
-0.07763672
-0.12890625
-0.005645752
-0.125
0.05029297
-0.009338379
0.110839844
-0.13574219
-0.12109375
0.35742188
0.12597656
0.05444336
-0.37109375
0.33789062
-0.39257812
-0.21972656
-0.022094727
-0.33789062
0.103515625
-0.0039978027
0.16699219
0.095214844
-0.30273438
0.16503906
0.15722656
0.35546875
0.41015625
-0.06738281
0.40820312
-0.20507812
-0.032714844
-0.0074768066
0.106933594
-0.002105713
-0.11621094
0.050048828
-0.2890625
0.021606445
-0.32421875
0.35742188
0.076660156
0.203125
-0.10888672
0.16015625
0.34570312
0.19238281
-0.29101562
-0.118652344
0.2109375
-0.16894531
0.20703125
-0.27929688
0.20898438
0.010192871
0.31835938
-0.029174805
-0.107910156
0.008483887
-0.23632812
-0.31835938
-0.047851562
0.11279297
0.14941406
0.38476562
-0.62890625
0.3125
-0.328125
0.39648438
0.17578125
-0.40039062
-0.083984375
-0.11621094
-0.022460938
-0.3515625
0.021240234
-0.079589844
0.26171875
0.23925781
-0.20507812
-0.171875
-0.33398438
-0.17285156
0.05517578
-0.049560547
-0.08544922
-0.17285156
0.15234375
0.20117188
-0.16796875
0.21875
-0.07861328
-0.16601562
-0.20019531
0.16601562
0.091796875
-0.05517578
0.17089844
0.31640625
-0.11669922
0.171875
-0.016601562
-0.3828125
0.039794922
0.1796875
0.16015625
-0.32226562
-0.004211426
0.091796875
-0.095214844
-0.07714844
-0.15527344
0.016601562
0.12158203
0.30078125
-0.072753906
0.07910156
-0.07470703
-0.15820312
0.14453125
0.013000488
0.048583984
-0.06640625
0.0390625
0.24414062
-0.07324219
-0.08203125
-0.43554688
-0.115722656
0.053955078
-0.029907227
0.2109375
0.21679688
0.16015625
-0.110839844
0.07080078
0.19824219
-0.061523438
0.041748047
0.063964844
-0.24707031
0.29296875
0.07080078
-0.018676758
0.21289062
0.06542969
-0.20019531
0.17578125
-0.008361816
0.026611328
-0.19140625
0.13476562
-0.21484375
0.071777344
-0.07714844
0.39648438
-0.008972168
0.3984375
0.25390625
0.36132812
