0.265625
-0.0625
0.004486084
0.103515625
0.2890625
-0.09326172
-0.10107422
0.076171875
-0.27929688
0.41015625
-0.22363281
0.041015625
0.27148438
0.0024719238
-0.010864258
0.14648438
-0.31054688
0.053710938
0.07324219
-0.041992188
0.0073242188
-0.044677734
0.27148438
-0.12158203
0.037597656
-0.051757812
-0.13378906
0.15039062
-0.27539062
0.24511719
0.18652344
-0.1953125
-0.1796875
-0.083496094
-0.040283203
-0.053222656
-0.17285156
-0.16113281
0.06542969
0.06298828
-0.11376953
0.017456055
0.28710938
0.12890625
-0.017944336
0.092285156
-0.45898438
0.044677734
0.011169434
0.15625
-0.020385742
0.19238281
-0.119140625
-0.22753906
-0.071777344
-0.005584717
-0.13671875
0.09667969
-0.18847656
-0.1484375
-0.02709961
-0.26367188
-0.08544922
0.0859375
-0.056396484
-0.31640625
0.14160156
-0.1171875
-0.044677734
-0.21582031
-0.29492188
-0.25
0.16210938
0.11669922
-0.17578125
-0.06738281
0.20019531
-0.27148438
-0.06982422
0.030883789
-0.107421875
-0.09033203
0.24121094
0.115722656
-0.05908203
0.061523438
-0.13867188
-0.28710938
-0.02355957
0.15429688
0.15039062
-0.17480469
-0.33007812
-0.02734375
-0.26757812
-0.008605957
-0.11328125
0.060791016
-0.48632812
0.061279297
-0.34179688
0.013061523
0.03881836
0.11328125
0.013793945
0.114746094
-0.22460938
-0.28125
-0.08300781
-0.35742188
-0.080078125
0.0029144287
0.07910156
0.103027344
0.05102539
-0.08691406
-0.22851562
-0.044433594
-0.06591797
0.2890625
-0.38085938
-0.020874023
0.24609375
-0.119140625
0.29492188
-0.18164062
0.05029297
0.42773438
-0.35546875
0.10058594
-0.19433594
0.06933594
-0.16503906
0.008422852
-0.15625
-0.16503906
-0.20410156
-0.0020446777
0.15527344
0.05493164
-0.1171875
0.07324219
0.06982422
-0.15917969
0.107910156
0.017944336
-0.13183594
0.05029297
0.060791016
0.05419922
0.11279297
0.049804688
0.39648438
-0.15039062
0.033203125
0.0004310608
-0.068359375
-0.046875
0.03149414
0.06542969
0.15332031
0.30664062
0.35351562
-0.031982422
0.2890625
0.15136719
0.024536133
0.0625
-0.041503906
0.06933594
0.024414062
-0.32617188
0.18652344
0.029663086
0.047851562
-0.42382812
0.22851562
-0.11816406
0.02746582
-0.41992188
0.056152344
0.083984375
0.21484375
-0.044189453
0.07470703
-0.028076172
-0.17285156
0.1171875
0.064453125
-0.06542969
0.26367188
0.10839844
-0.16308594
0.16992188
-0.24707031
0.118652344
0.3515625
-0.24804688
-0.13574219
-0.06591797
-0.009887695
0.013793945
-0.2109375
-0.004638672
0.041015625
-0.375
0.13085938
-0.25195312
0.23828125
-0.30859375
-0.16699219
-0.063964844
-0.075683594
0.125
-0.111816406
0.0859375
-0.047851562
-0.13378906
-0.057128906
-0.025024414
0.111816406
-0.35351562
0.004425049
-0.012023926
-0.12597656
0.110839844
-0.18457031
0.12597656
-0.09277344
-0.05419922
0.20410156
0.052490234
0.06640625
0.025268555
0.10644531
-0.10644531
0.25195312
-0.23242188
0.3203125
-0.13769531
0.33984375
0.015319824
-0.26171875
-0.19433594
-0.080566406
0.08251953
0.119628906
-0.009338379
-0.053466797
0.06201172
0.029907227
-0.052246094
0.10449219
0.18359375
-0.03564453
0.15722656
0.24414062
0.050048828
0.31835938
0.11376953
0.32421875
0.095703125
0.06640625
0.15820312
0.2890625
0.18457031
0.05126953
-0.08935547
-0.08935547
0.26757812
0.15332031
0.13476562
0.076171875
0.1484375
-0.033935547
-0.125
0.104003906
-0.27539062
0.08691406
-0.068359375
-0.16015625
0.29101562
0.11376953
-0.14648438
-0.40820312
0.3125
-0.17578125
-0.017700195
-0.18457031
0.16699219
-0.01940918
-0.011413574
-0.19824219
-0.028076172
-0.020507812
0.23828125
-0.42382812
0.0017242432
0.16210938
0.009887695
