-0.1328125
0.19335938
0.13671875
0.1875
-0.060791016
-0.17089844
-0.022460938
0.083984375
-0.17578125
0.21191406
-0.3515625
0.056152344
0.23144531
-0.14160156
-0.2421875
-4.1007996e-05
-0.056396484
0.021118164
-0.05883789
-0.23632812
0.09423828
-0.26171875
0.095214844
-0.028808594
0.12890625
0.052734375
0.09472656
0.055664062
-0.092285156
0.43554688
0.13574219
-0.22851562
-0.35351562
-0.06982422
0.20996094
-0.051513672
-0.055419922
0.12011719
0.28125
0.014404297
0.0859375
-0.015380859
0.060058594
0.12695312
-0.060791016
0.1953125
-0.19042969
0.15136719
-0.088378906
0.24316406
0.29882812
0.14648438
-0.033447266
-0.047851562
-0.080566406
0.27539062
-0.46484375
-0.30078125
0.083984375
-0.076171875
0.064941406
0.106933594
-0.03540039
-0.06640625
-0.12695312
-0.092285156
0.0012435913
-0.06640625
0.1640625
0.22265625
-0.48828125
0.0625
0.15234375
0.064453125
0.057861328
-0.15820312
0.2890625
0.12792969
-0.16894531
0.15039062
0.23730469
-0.103515625
0.13964844
0.0859375
-0.2578125
-0.17285156
0.2421875
-0.3203125
-0.06933594
0.13867188
0.0859375
-0.05517578
-0.40039062
-0.16992188
-0.064453125
-0.025146484
0.059814453
0.025268555
-0.15234375
0.044189453
-0.21875
-0.0036468506
-0.044677734
0.08496094
0.024658203
0.140625
0.030761719
-0.3203125
0.10546875
-0.119140625
-0.110839844
-0.032470703
0.08154297
-0.033203125
0.107910156
-0.056152344
-0.063964844
-0.123046875
-0.1328125
0.21191406
-0.29882812
-0.111328125
-0.20507812
0.2109375
0.118652344
0.029785156
0.14550781
0.3671875
-0.07861328
-0.08935547
-0.17773438
0.49804688
0.12109375
0.080566406
-0.21875
-0.091308594
-0.076660156
0.0859375
-0.21386719
0.16894531
0.16699219
-0.009887695
0.10498047
0.10595703
0.21191406
0.14453125
0.1328125
0.012512207
-0.10839844
0.032226562
0.375
-0.05126953
0.4921875
-0.12988281
0.08642578
-0.15234375
-0.17871094
-0.05859375
-0.060546875
0.110839844
-0.15332031
0.18164062
0.22851562
-0.0005683899
-0.037841797
-0.2578125
0.06933594
0.17480469
0.03466797
0.030761719
-0.16699219
-0.13378906
0.18847656
0.1171875
0.2734375
-0.26367188
0.171875
-0.13964844
-0.07861328
-0.3671875
0.03540039
0.16894531
0.26367188
-0.13769531
0.24414062
-0.12988281
0.002105713
0.123046875
0.05419922
-0.025024414
0.049560547
0.08105469
-0.23828125
-0.018554688
-0.11425781
0.18554688
-0.019897461
-0.4296875
-0.29296875
-0.10253906
-0.04321289
0.050048828
-0.11425781
0.25390625
-0.10058594
-0.36523438
-0.080078125
-0.45703125
0.04663086
0.06738281
-0.37109375
-0.20703125
0.016479492
0.17675781
0.014831543
-0.09033203
-0.21972656
0.30664062
0.087402344
-0.099609375
-0.0065612793
0.012817383
-0.039794922
-0.0234375
-0.068847656
0.14941406
-0.296875
0.19140625
-0.076171875
-0.060546875
0.095214844
0.059570312
-0.053466797
-0.106933594
0.17871094
0.033203125
-0.2109375
0.06982422
0.26367188
-0.17675781
0.07080078
-0.21972656
-0.25195312
-0.19824219
-0.017578125
0.103027344
-0.41015625
-0.088378906
0.032714844
-0.22460938
-0.17675781
-0.2265625
0.2265625
-0.030517578
0.047607422
0.21386719
0.16503906
-0.21191406
-0.265625
0.29492188
0.06201172
0.12695312
0.3828125
-0.10498047
0.20117188
0.100097656
-0.22460938
-0.18164062
0.171875
0.18652344
-0.26171875
0.111816406
0.0625
-0.015319824
-0.10449219
-0.057617188
-0.030639648
-0.09472656
0.25195312
0.1328125
0.021728516
0.043945312
0.29101562
-0.18359375
0.07128906
0.22851562
-0.21875
0.25
-0.13476562
0.29101562
0.048095703
0.13867188
0.22265625
0.046875
0.0126953125
0.033691406
-0.20507812
0.24902344
0.15136719
-0.038330078
