0.14160156
0.25195312
0.026245117
0.0006980896
-0.09814453
-0.15429688
-0.20605469
-0.1484375
-0.1640625
0.061279297
-0.24121094
-0.078125
0.039794922
-0.11816406
0.017456055
0.06591797
0.13378906
0.25390625
-0.125
-0.14648438
0.12402344
0.19628906
0.04663086
0.07910156
0.104003906
0.040039062
-0.22363281
0.19921875
-0.06591797
0.06689453
0.13964844
-0.171875
-0.30859375
-0.025024414
-0.115234375
-0.15136719
0.10839844
0.15820312
0.34375
0.07373047
0.03125
-0.049560547
-0.12597656
0.14550781
-0.063964844
0.16503906
-0.104003906
-0.25195312
0.049316406
0.25976562
0.013671875
0.064453125
-0.056152344
-0.13476562
-0.24316406
0.14941406
-0.33984375
0.026000977
-0.3515625
-0.1171875
0.07714844
-0.27148438
-0.07373047
-0.055419922
0.049560547
-0.25195312
0.13574219
0.063964844
-0.23144531
0.06933594
-0.27539062
0.103027344
0.025756836
0.12060547
-0.03540039
-0.004333496
0.30664062
0.27148438
0.13378906
-0.13085938
0.061767578
-0.3359375
0.021850586
-0.034423828
0.014709473
0.055419922
0.328125
-0.28515625
-0.013549805
0.15820312
-0.15625
-0.035888672
-0.2109375
-0.051757812
-0.4609375
-0.03515625
0.11035156
-0.22167969
-0.40429688
-0.12792969
-0.0059814453
-0.11621094
0.12451172
0.23828125
-0.05102539
-0.03955078
-0.15039062
-0.2265625
-0.38671875
-0.21386719
0.020141602
-0.15039062
0.36132812
0.10253906
0.19824219
-0.25390625
-0.053466797
-0.203125
0.1328125
0.17480469
-0.22949219
-0.19628906
0.13476562
-0.05126953
0.171875
-0.25390625
-0.068359375
-0.13378906
-0.31445312
-0.03112793
-0.063964844
0.09375
-0.080566406
0.08300781
-0.19335938
-0.22558594
0.06591797
-0.0859375
-0.012451172
0.17773438
0.08251953
0.16601562
-0.06640625
-0.1484375
0.095214844
-0.171875
0.21875
0.296875
-0.25976562
-0.064941406
0.008483887
0.10839844
0.28320312
0.0028686523
0.0703125
0.09472656
0.005584717
0.20605469
0.203125
0.12402344
-0.020385742
-0.031982422
0.15917969
-0.07421875
0.1484375
0.13183594
-0.119628906
0.08886719
-0.015319824
0.29882812
-0.22070312
-0.24707031
0.21289062
0.064453125
-0.20703125
-0.2734375
-0.032226562
-0.30664062
-0.15917969
-0.053222656
0.1875
-0.15625
-0.119140625
-0.25195312
0.34375
0.16992188
0.1796875
-0.027832031
0.020141602
0.24121094
0.17773438
0.24804688
0.10107422
0.21289062
-0.038085938
0.1875
0.24707031
-0.18945312
-0.14453125
-0.08691406
0.09814453
0.028564453
0.15820312
0.019165039
0.067871094
-0.2890625
0.041259766
0.07910156
-0.22167969
-0.140625
-0.296875
-0.13769531
0.052246094
0.16699219
-0.3125
-0.009338379
0.3046875
0.16699219
0.18652344
-0.09375
0.11767578
-0.22949219
-0.17480469
0.0043945312
-0.24414062
0.052978516
-0.13476562
0.0029754639
-0.25
-0.20507812
0.021972656
0.07910156
-0.23144531
-0.044921875
0.125
-0.14648438
-0.115234375
0.11621094
0.008972168
-0.11621094
0.265625
0.029052734
-0.09082031
0.12792969
-0.16210938
0.3125
-0.09082031
-0.09375
-0.044433594
0.0045166016
-0.14648438
0.021362305
-0.23339844
0.08496094
0.103515625
0.15039062
0.19042969
-0.0078125
0.083496094
0.21679688
0.16113281
0.20800781
0.09082031
0.14746094
0.046142578
0.35742188
0.18261719
-0.051757812
-0.16210938
0.26367188
-0.021728516
-0.17285156
0.22753906
-0.10888672
0.13476562
-0.06347656
0.006713867
0.19628906
0.032958984
-0.053466797
-0.20019531
0.21289062
-0.07373047
-0.13183594
-0.25390625
0.2578125
0.059326172
0.057617188
-0.041503906
-0.006286621
-0.29101562
0.027832031
-0.22363281
0.123046875
-0.21582031
0.18847656
-0.24023438
0.023071289
-0.087890625
-0.18554688
