-0.07324219
0.13574219
0.10888672
0.08300781
-0.12792969
-0.22753906
0.15136719
-0.045654297
-0.06542969
0.034423828
-0.140625
-0.02355957
0.24609375
-0.27148438
-0.1875
-0.118652344
-0.064941406
0.03515625
0.014221191
-0.12890625
0.22558594
-0.32617188
0.020141602
-0.016845703
0.079589844
0.15234375
-0.041259766
0.049560547
-0.06689453
0.3828125
-0.051757812
-0.16601562
-0.421875
-0.11767578
0.19921875
-0.051513672
-0.061767578
0.16210938
0.34765625
0.2109375
0.14941406
0.029663086
-0.00077056885
0.041503906
0.106933594
0.16210938
-0.16113281
0.23339844
-0.14550781
0.060058594
0.091308594
0.13183594
-0.09375
0.12011719
0.006439209
0.28320312
-0.37890625
-0.12988281
0.3359375
-0.19335938
0.015197754
0.11279297
-0.06982422
-0.051757812
-0.15429688
-0.036621094
-0.034423828
-0.15234375
0.15234375
0.12402344
-0.36328125
-0.02355957
0.0625
0.037109375
0.12402344
-0.2265625
0.14648438
0.08984375
-0.10986328
0.20605469
0.10253906
-0.1875
0.014953613
0.012756348
-0.22070312
-0.19433594
-0.025756836
-0.079589844
0.026489258
0.020019531
0.07470703
-0.012573242
-0.26367188
-0.07519531
-0.096191406
-0.07373047
0.02734375
-0.10449219
0.12988281
0.12011719
-0.24414062
-0.09326172
-0.10449219
0.07324219
0.037597656
0.111816406
-0.012023926
-0.23632812
0.06640625
0.06542969
-0.08251953
-0.07421875
-0.091796875
-0.04272461
0.05493164
0.10253906
-0.026245117
-0.035888672
0.024414062
0.14257812
-0.11328125
-0.10644531
-0.19921875
0.21484375
-0.15429688
0.051513672
-0.072265625
0.057373047
-0.34179688
-0.080078125
-0.13769531
0.3203125
0.033935547
0.119140625
-0.22070312
-0.0072021484
-0.115722656
0.07373047
-0.042236328
0.02734375
0.296875
-0.12109375
0.060791016
0.19335938
0.09765625
0.17773438
0.19140625
0.12988281
-0.088378906
-0.08544922
0.28125
-0.28515625
0.23339844
-0.088378906
-0.012145996
-0.22460938
-0.33007812
-0.08251953
0.15722656
0.07080078
-0.20410156
0.026977539
0.018310547
0.011413574
0.027954102
-0.27734375
0.079589844
0.09082031
-0.048095703
0.12890625
-0.15625
0.20898438
0.15722656
-0.032226562
0.24414062
-0.30273438
0.0703125
-0.10498047
-0.055664062
-0.40625
-0.040039062
-0.09716797
0.11328125
-0.13476562
0.25390625
-0.12109375
0.24511719
0.17089844
0.05053711
0.040283203
-0.009216309
-0.115722656
-0.19335938
0.026611328
-0.13085938
0.24707031
-0.115234375
-0.578125
-0.16113281
-0.23828125
0.0036773682
-0.08935547
0.052490234
0.05053711
-0.31445312
0.017578125
-0.083496094
-0.49414062
-0.16894531
0.16601562
-0.25195312
-0.04272461
-0.012573242
0.3125
-0.015014648
-0.06982422
-0.0859375
0.18652344
0.030151367
0.06347656
-0.041015625
0.106933594
-0.16015625
0.08105469
0.044921875
-0.15820312
-0.08496094
0.0625
0.13476562
-0.08935547
-0.08984375
0.06982422
0.24316406
-0.13378906
0.095214844
0.08935547
-0.32617188
0.09863281
0.04345703
-0.17675781
0.03125
-0.10107422
-0.12695312
-0.004425049
0.104003906
-0.03515625
-0.26953125
-0.038330078
0.13378906
-0.26757812
0.01361084
-0.100097656
0.17382812
-0.018188477
-0.047851562
0.21875
0.15722656
-0.17578125
-0.09667969
0.18359375
0.026245117
-0.08496094
0.359375
-0.06982422
0.21972656
0.08544922
-0.296875
-0.18847656
0.18261719
0.18554688
-0.31640625
0.107421875
0.022094727
-0.09423828
-0.0063476562
0.059326172
-0.08935547
-0.11230469
0.02746582
-0.04272461
0.055908203
0.056884766
0.21679688
-0.053955078
-0.03955078
0.03930664
-0.09326172
0.17578125
0.011657715
0.18945312
0.140625
0.087402344
0.15234375
0.079589844
0.0063476562
-0.037841797
-0.18359375
0.13769531
0.09375
-0.079589844
