0.048583984
0.07861328
0.32421875
0.03491211
0.07714844
0.03540039
-0.12597656
-0.38671875
-0.13183594
0.029174805
-0.14453125
-0.14257812
0.1796875
-0.27539062
-0.16503906
0.09326172
0.1171875
0.18261719
0.061035156
0.11425781
0.18261719
-0.11669922
-0.032470703
-0.075683594
0.009643555
0.0859375
-0.28515625
-0.25585938
0.030151367
0.21679688
-0.100097656
0.028564453
-0.28125
-0.083984375
-0.020263672
-0.19628906
-0.047851562
0.07128906
-0.14257812
-0.011352539
0.11621094
0.072265625
0.14746094
0.15039062
0.140625
0.24707031
-0.16992188
0.07763672
-0.05444336
0.16699219
-0.14550781
0.021240234
-0.07519531
0.045898438
-0.25585938
0.14941406
-0.5625
-0.13476562
-0.1875
-0.0032653809
0.084472656
0.13378906
0.029907227
-0.29296875
-0.15625
0.0025024414
-0.011047363
-0.07080078
0.019042969
0.15625
-0.049560547
0.20800781
-0.036621094
0.20703125
0.12792969
0.029174805
-0.0048828125
-0.0063171387
0.064941406
0.16601562
-0.010803223
-0.18359375
0.14941406
-0.171875
0.18554688
-0.09863281
-0.2109375
-0.020629883
0.10205078
0.14160156
-0.12109375
0.059326172
-0.2890625
0.07470703
0.03112793
-0.22167969
0.19433594
-0.46289062
-0.067871094
-0.019165039
-0.23925781
-0.10986328
-0.14550781
0.18164062
0.12792969
-0.14160156
0.083984375
-0.0065612793
0.088378906
0.02758789
-0.0056152344
0.08886719
0.22558594
-0.03491211
0.17285156
-0.026489258
0.0016174316
0.21777344
0.3515625
0.16113281
-0.08203125
-0.13671875
0.022094727
-0.029663086
0.27734375
-0.16796875
-0.030883789
-0.15917969
-0.40039062
0.08935547
0.029907227
0.18261719
-0.30664062
-0.17480469
-0.009094238
-0.045166016
0.04345703
-0.012573242
0.15722656
-0.076660156
0.23632812
-0.110839844
0.21191406
-0.052978516
0.122558594
0.009399414
0.12597656
0.048583984
-0.047607422
-0.20996094
-0.14257812
0.013427734
-0.0033569336
0.083984375
0.103515625
-0.31445312
0.008483887
0.17871094
0.09472656
0.16113281
-0.047607422
0.19140625
0.20996094
-0.071777344
0.29492188
-0.19628906
-0.17871094
0.11035156
-0.017700195
0.09667969
-0.12060547
0.140625
0.06347656
-0.19335938
-0.072753906
-0.06640625
0.044677734
-0.125
0.12695312
-0.10253906
0.13085938
-0.23730469
-0.31054688
-0.23925781
0.42382812
-0.0035552979
0.18554688
0.23828125
-0.1484375
0.19140625
0.12011719
0.057373047
0.111816406
0.009521484
-0.014282227
0.33398438
0.11767578
-0.084472656
-0.16699219
-0.21289062
0.11328125
0.037109375
-0.060058594
-0.16113281
0.12890625
0.16308594
-0.17675781
-0.20507812
0.079589844
-0.079589844
0.053955078
-0.12890625
-0.08642578
0.375
-0.12695312
-0.111328125
0.018188477
-0.15527344
0.15039062
-0.04272461
-0.13085938
-0.16992188
-0.006164551
-0.030639648
-0.15625
0.07373047
0.25976562
0.08496094
0.37109375
0.092285156
-0.09814453
-0.033935547
0.20117188
0.07128906
-0.05493164
0.036132812
-0.09326172
0.075683594
-0.22949219
-0.08154297
0.08886719
-0.060302734
0.1640625
0.23535156
0.14160156
0.0703125
-0.390625
-0.115722656
-0.22558594
-0.11279297
0.0859375
0.078125
-0.022094727
0.15625
0.047607422
0.119140625
0.036132812
-0.19824219
0.07470703
0.17285156
0.06982422
0.27539062
-0.033691406
0.24902344
0.21777344
-0.060302734
-0.14746094
-0.29296875
-0.11816406
0.14355469
-0.1953125
0.075683594
-0.03564453
-0.107910156
0.07519531
0.09814453
-0.06591797
0.265625
-0.1484375
0.049316406
-0.23730469
0.025024414
0.000869751
-0.003479004
-0.08251953
0.24316406
-0.024902344
0.14941406
-0.06640625
0.049560547
0.13867188
0.31640625
-6.580353e-05
0.16210938
-0.15429688
-0.07714844
-0.119628906
-0.022216797
0.16015625
-0.071777344
