0.25976562
0.140625
0.24707031
0.0095825195
-0.25
-0.08251953
-0.099121094
-0.35351562
-0.1484375
0.1484375
-0.03540039
-0.052490234
0.09277344
-0.14257812
-0.014831543
0.016479492
0.037109375
0.18847656
-0.03955078
-0.057861328
0.26757812
0.106933594
-0.04345703
0.06738281
-0.0017776489
0.1328125
-0.16308594
-0.05908203
-0.22558594
0.12207031
0.107910156
-0.19433594
-0.16210938
-0.14257812
0.09033203
-0.14648438
-0.12109375
0.099609375
0.26367188
0.12695312
0.140625
0.110839844
0.026977539
-0.016357422
0.0029296875
0.14746094
-0.06542969
-0.16699219
0.036621094
0.14941406
-0.14746094
0.068359375
-0.092285156
0.12207031
-0.091796875
0.09082031
-0.38476562
0.030517578
-0.21679688
-0.12597656
-0.08642578
-0.26171875
-0.08496094
-0.13964844
-0.028320312
-0.203125
0.29101562
-0.13574219
-0.072265625
0.16308594
-0.19042969
0.22265625
0.055664062
0.21289062
0.05053711
-0.09814453
0.12158203
0.010009766
0.15234375
-0.022338867
0.07324219
-0.27148438
-0.01977539
-0.07128906
0.13964844
-0.06542969
0.08886719
0.014526367
0.033447266
0.12158203
-0.0703125
-0.022827148
-0.15332031
0.22265625
-0.22265625
-0.18164062
0.08642578
-0.26367188
-0.037353516
0.04321289
0.030395508
-0.19042969
0.07080078
0.37695312
-0.013183594
-0.025268555
-0.007751465
0.028686523
-0.0035095215
-0.08203125
0.15234375
-0.20996094
0.16796875
0.053222656
0.13476562
0.05102539
0.004547119
0.020996094
0.37890625
0.24707031
-0.25585938
-0.27148438
0.040283203
-0.0060424805
-0.118652344
-0.059570312
0.14550781
-0.265625
-0.47851562
0.02709961
0.038330078
0.024414062
-0.1640625
-0.19921875
-0.08984375
-0.16015625
-0.060791016
-0.03491211
0.2109375
0.036376953
0.20898438
-0.0058898926
0.015625
0.10986328
0.08154297
0.11328125
0.296875
0.30664062
-0.12890625
-0.14550781
0.114746094
0.022583008
-0.029052734
-0.08544922
-0.06201172
-0.087402344
-0.21777344
0.10986328
0.14550781
0.21679688
0.071777344
0.022949219
0.13964844
-0.15917969
0.22265625
-0.03515625
-0.03515625
0.07763672
-0.12695312
0.25
-0.24707031
0.04345703
0.057861328
-0.1171875
-0.11425781
-0.29492188
0.115234375
-0.16992188
-0.05078125
-0.092285156
0.041015625
-0.3984375
-0.24707031
-0.19238281
0.4375
0.12988281
0.12890625
0.032714844
-0.22558594
0.20800781
0.03564453
-0.06982422
0.12792969
-0.0030059814
0.17285156
0.15722656
0.12890625
-0.16210938
-0.24121094
-0.3984375
0.022460938
-0.061767578
0.12792969
0.025268555
0.018676758
-0.017456055
-0.15722656
-0.06201172
-0.22460938
-0.020874023
0.0019226074
-0.17382812
0.095214844
0.23046875
-0.16992188
-0.22363281
0.23632812
0.05126953
0.13867188
-0.002380371
-0.056640625
-0.2890625
-0.11767578
-0.11767578
-0.28710938
-0.032470703
0.041503906
-0.084472656
0.1953125
-0.24121094
-0.19433594
-0.044189453
0.055908203
0.012939453
0.05444336
0.12988281
-0.025024414
0.19726562
-0.17675781
-0.15234375
0.21484375
0.0051574707
0.0126953125
0.111328125
-0.02722168
0.15625
-0.20800781
-0.024169922
-0.11621094
-0.087890625
-0.020751953
0.017822266
0.0043945312
0.18261719
-0.19433594
0.26367188
0.044677734
0.012939453
0.15917969
0.0859375
0.12988281
0.0014190674
0.024414062
0.25976562
0.28320312
0.11669922
-0.03564453
-0.25
-0.055908203
0.29296875
0.048339844
-0.033935547
0.13769531
-0.19140625
0.21875
-0.08300781
-0.10058594
0.20117188
-0.11425781
-0.0059509277
-0.06982422
-0.046875
-0.06591797
0.024536133
-0.27148438
0.19628906
0.22265625
0.024291992
0.043945312
0.10253906
-0.060791016
0.11816406
-0.064453125
0.11376953
-0.17285156
0.171875
-0.19433594
0.008178711
0.068359375
-0.14160156
