0.47265625
0.007019043
0.05908203
0.09033203
0.03955078
-0.05859375
0.060058594
-0.2578125
-0.24121094
-0.045898438
-0.19238281
-0.16015625
0.296875
-0.10205078
0.024169922
-0.014892578
-0.005584717
-0.07373047
0.059570312
0.09765625
0.27929688
0.07470703
0.37695312
-0.1875
0.068847656
0.18066406
-0.06347656
0.02722168
-0.060058594
0.1640625
-0.09033203
-0.23828125
0.12451172
0.0011825562
-0.1875
-0.17480469
-0.28320312
0.010253906
0.26953125
-0.0016555786
0.091796875
0.02709961
0.265625
-0.20117188
-0.036621094
0.08203125
-0.34375
-0.036132812
-0.037353516
-0.018188477
-0.12695312
0.35546875
-0.13183594
-0.028442383
-0.15234375
-0.084472656
-0.2734375
0.2734375
-0.22851562
-0.13378906
0.023925781
-0.12109375
0.08642578
0.021362305
0.171875
-0.41210938
0.46875
-0.23242188
-0.032958984
-0.36328125
-0.099609375
-0.028686523
0.203125
-0.10595703
0.203125
-0.19628906
0.022338867
-0.16699219
0.20019531
0.13964844
-0.14160156
-0.11816406
-0.06542969
0.04321289
0.16796875
-0.038330078
-0.38867188
-0.076660156
-0.041748047
0.10449219
0.17089844
-0.31835938
-0.45507812
0.19921875
-0.15234375
-0.25976562
0.06201172
-0.10253906
0.078125
0.18457031
-0.3125
0.12207031
0.07519531
0.024780273
0.045166016
0.122558594
-0.19140625
-0.16015625
0.041748047
-0.21777344
0.068359375
0.15820312
0.13867188
-0.06542969
0.088378906
-0.07373047
-0.045166016
-0.11376953
0.31054688
0.31054688
-0.20214844
-0.17089844
0.17773438
-0.076171875
0.1953125
-0.04663086
0.03173828
-0.0012207031
-0.703125
-0.033203125
-0.19726562
-0.07080078
-0.265625
-0.14746094
0.049072266
-0.08105469
-0.19824219
-0.115234375
0.20898438
0.03149414
0.19628906
-0.33984375
-0.006164551
0.104003906
-0.040527344
0.0087890625
-0.30859375
0.14453125
0.021484375
0.030029297
0.10546875
-0.06542969
0.053710938
-0.34570312
0.14648438
-0.114746094
-0.51953125
-0.10058594
0.12988281
0.19433594
0.296875
0.26757812
0.171875
-0.076660156
0.12158203
0.06347656
0.014099121
0.19335938
-0.140625
0.37304688
-0.049316406
-0.05908203
0.30078125
0.15332031
-0.11376953
-0.26171875
0.096191406
-0.0087890625
-0.0039367676
-0.3359375
0.010070801
-0.09082031
0.16113281
0.09667969
0.24023438
0.12988281
-0.111328125
-0.25585938
-0.0703125
-0.033203125
0.23242188
-0.22167969
-0.11376953
0.005584717
-0.25
0.171875
0.13964844
-0.11621094
-0.008361816
-0.33203125
0.0119018555
-0.18457031
-0.32617188
-0.19238281
0.016113281
-0.015075684
0.011169434
-0.31835938
0.020874023
-0.28515625
-0.25976562
-0.35742188
-0.09423828
0.421875
-0.2890625
-0.087890625
0.17285156
-0.10888672
0.037841797
-0.20410156
-0.10888672
-0.27929688
-0.2734375
-0.020874023
-0.10253906
0.024414062
-0.061767578
0.14257812
0.25
-0.095703125
0.007537842
-0.031982422
0.2109375
-0.01171875
0.05834961
0.37695312
0.020751953
-0.140625
0.20898438
-0.13476562
0.26171875
-0.07421875
-0.18554688
0.11621094
0.08496094
-0.23535156
0.10449219
-0.087402344
-0.103027344
-0.109375
-0.05078125
-0.026611328
0.08105469
0.3046875
0.07373047
0.13964844
0.34960938
-0.04663086
0.17089844
0.064941406
0.2109375
0.20117188
-0.08544922
0.25976562
0.16113281
0.064453125
-0.27539062
-0.29882812
0.005065918
-0.037109375
-0.06347656
0.3515625
0.203125
0.24023438
0.29882812
-0.0703125
0.06689453
-0.3203125
-0.036376953
-0.024414062
-0.28515625
0.38671875
0.17578125
-0.22363281
-0.359375
0.0859375
-0.053222656
-0.044189453
-0.045898438
0.38476562
0.055908203
0.021118164
-0.11767578
-0.052246094
0.07373047
0.46289062
-0.42578125
0.024658203
0.09033203
0.02319336
