0.057861328
0.13671875
0.16992188
0.072753906
-0.15136719
-0.0014724731
-0.15136719
-0.3125
-0.07128906
0.26171875
0.00023365021
-0.060791016
0.095214844
-0.11279297
-0.05810547
0.045898438
0.018920898
-0.023925781
0.049804688
0.16113281
0.125
0.016357422
0.18554688
-0.064941406
0.026123047
0.05419922
-0.052246094
0.033691406
-0.21191406
0.10449219
0.092285156
-0.088378906
-0.002670288
0.114746094
-0.041992188
-0.23828125
-0.27539062
0.04248047
-0.04321289
0.068359375
0.063964844
0.15820312
0.15917969
0.040283203
-0.0032043457
0.18164062
-0.018676758
0.359375
-0.06738281
0.16796875
-0.19824219
0.33984375
0.01574707
0.0146484375
-0.1328125
0.2734375
-0.3046875
-0.08251953
-0.12695312
-0.091796875
-0.14453125
0.010925293
0.02319336
-0.36132812
-0.021850586
-0.12792969
0.06591797
-0.27734375
0.29101562
-0.057861328
-0.103515625
-0.021118164
-0.26171875
0.12695312
0.018920898
-0.19238281
-0.002166748
-0.026733398
-0.006500244
0.125
0.024169922
-0.21582031
0.080566406
-0.33984375
0.030395508
-0.22558594
-0.17382812
0.045898438
0.16210938
0.19335938
0.12402344
-0.12158203
-0.32421875
0.15136719
0.016967773
-0.31640625
-0.06201172
-0.51171875
0.15429688
-0.06347656
-0.40234375
-0.08935547
-0.08105469
0.12109375
0.13574219
-0.006652832
-0.02319336
-0.080078125
0.06640625
-0.018554688
0.21484375
0.068847656
0.107421875
-0.24121094
0.034423828
0.014831543
-0.076171875
0.0074157715
0.515625
0.14550781
-0.1875
-0.27539062
0.083496094
0.076660156
0.13085938
-0.35351562
-0.029052734
-0.15625
-0.5859375
0.23535156
-0.16308594
-0.2734375
-0.22851562
-0.1015625
0.14648438
-0.14355469
-0.10888672
0.0625
0.41992188
-0.23046875
0.35546875
-0.111328125
0.13964844
0.23535156
0.23242188
0.014282227
-0.032958984
0.22460938
0.08544922
-0.15136719
0.0054626465
0.09033203
0.07128906
0.05126953
0.10595703
-0.17675781
-0.20800781
0.19726562
0.060058594
0.3125
0.03930664
0.0546875
-0.010925293
-0.05493164
0.17382812
-0.103027344
-0.014526367
-0.036865234
0.06738281
0.048583984
-0.34570312
0.099121094
-0.052978516
0.0134887695
-0.091796875
-0.14160156
0.14550781
0.0055236816
0.072265625
0.029052734
0.049072266
-0.35351562
-0.08105469
0.05029297
0.26171875
0.087402344
0.17675781
-0.042236328
-0.36914062
0.00031852722
0.04736328
-0.15234375
0.115234375
0.05493164
-0.111328125
0.17480469
0.21386719
-0.022583008
0.026855469
-0.23632812
0.110839844
-0.018066406
-0.14257812
-0.06298828
0.037841797
-0.083496094
-0.16308594
-0.15527344
-0.06347656
-0.09765625
-0.05444336
-0.14355469
-0.0625
0.21386719
-0.2734375
-0.0030212402
-0.004119873
0.13378906
0.03100586
-0.014038086
-0.013549805
-0.18359375
-0.16992188
-0.17285156
-0.19140625
0.12060547
-0.0029907227
0.119628906
0.22851562
0.064941406
-0.19335938
0.16308594
0.084472656
-0.032958984
-0.0049438477
0.10205078
-0.095214844
0.2734375
-0.12451172
-0.09082031
0.07128906
-0.067871094
0.19042969
0.33203125
-0.083984375
-0.009887695
-0.07421875
-0.17285156
0.0019226074
-0.080566406
0.3046875
0.028686523
0.14453125
0.014099121
0.028198242
0.25
0.10986328
-0.10498047
0.15722656
0.02734375
0.115722656
0.08984375
0.0025177002
0.27929688
0.19824219
-0.06738281
-0.34765625
0.007446289
0.055908203
-0.011169434
0.030029297
0.083984375
-0.06542969
-0.064453125
0.37109375
-0.013061523
-0.12792969
0.022460938
-0.008483887
0.025512695
-0.171875
0.1875
-0.024902344
0.0054626465
-0.30664062
0.095703125
0.020996094
0.008728027
-0.24511719
0.076171875
-0.04345703
0.040039062
-0.33203125
0.10107422
0.04345703
0.26171875
-0.13085938
-0.11425781
0.07861328
-0.14453125
