0.05078125
0.25
0.16699219
0.084472656
-0.265625
-0.07714844
-0.03955078
-0.29882812
0.080566406
0.09423828
-0.15234375
0.125
0.25585938
-0.33789062
-0.09814453
-0.15136719
-0.009277344
0.18945312
0.19433594
-0.0058898926
0.25195312
-0.036621094
-0.088378906
-0.055419922
-0.09765625
0.0013885498
-0.15820312
-0.008544922
-0.15820312
0.12451172
-0.0020446777
-0.14453125
-0.26171875
-0.18652344
-0.035888672
-0.12451172
-0.20507812
0.0154418945
0.26953125
0.05444336
0.06347656
0.036865234
0.064941406
0.15625
0.13574219
0.33203125
-0.033935547
0.20214844
0.03112793
0.007873535
-0.052001953
-0.0703125
0.16699219
0.1796875
-0.16113281
0.37695312
-0.31445312
0.024047852
0.25
-0.44335938
-0.106933594
0.15527344
-0.06591797
-0.14453125
0.064453125
-0.110839844
0.16699219
-0.12792969
0.18261719
-0.029907227
-0.19921875
0.046142578
0.049316406
0.018188477
-0.030029297
-0.20996094
-0.072265625
0.12011719
0.23632812
-0.01953125
0.19042969
-0.3359375
-0.0703125
0.07421875
0.061279297
-0.13867188
-0.13574219
0.029907227
0.140625
0.084472656
-0.13085938
0.15527344
-0.072265625
0.036621094
-0.05419922
-0.030029297
0.01928711
-0.026489258
0.071777344
0.23828125
-0.10546875
0.061279297
-0.0038757324
0.1796875
0.111328125
0.19335938
-0.14160156
-0.14257812
0.15136719
0.20019531
-0.013916016
0.12011719
0.017822266
0.04345703
-0.057617188
0.075683594
-0.09277344
-0.17773438
0.30859375
0.12792969
-0.19921875
-0.114746094
-0.087890625
0.32421875
-0.068847656
-0.122558594
0.024291992
-0.07763672
-0.28320312
-0.07763672
-0.14257812
-0.036376953
-0.13378906
-0.19042969
-0.15917969
-0.203125
-0.24707031
-0.2109375
0.009887695
-0.13671875
0.21777344
0.005859375
0.20898438
0.21386719
0.28320312
-0.03173828
-0.0003452301
0.22167969
-0.20507812
0.028442383
0.104003906
-0.18554688
0.21484375
-0.099609375
-0.11425781
-0.2578125
-0.29296875
-0.2734375
0.12207031
0.045410156
0.016723633
-0.044433594
0.24023438
0.10205078
0.14941406
-0.31054688
0.11621094
0.15917969
0.010192871
0.33203125
-0.040771484
0.076171875
0.13769531
0.125
0.09082031
-0.2890625
0.16015625
-0.0072631836
0.125
0.045166016
-0.00048065186
-0.40625
0.010925293
-0.25390625
0.24023438
0.09472656
0.23144531
-0.16113281
-0.16210938
0.14746094
-0.03112793
-0.12158203
0.03515625
-0.26757812
-0.0015640259
0.10107422
0.3046875
-0.20996094
-0.07519531
-0.51171875
-0.009094238
-0.26953125
-0.041259766
-0.018676758
-0.27734375
-0.06738281
-0.14453125
-0.40429688
-0.12597656
-0.10595703
-0.21679688
-0.0099487305
-0.032226562
0.328125
-0.13183594
-0.13183594
0.07080078
0.13183594
-0.09716797
0.096191406
-0.14648438
-0.08642578
-0.008056641
-0.033691406
-0.10839844
0.024780273
-0.103027344
-0.041015625
0.25
-0.28515625
-0.16308594
0.02355957
0.23828125
-0.045898438
0.24414062
0.25390625
-0.25195312
0.00970459
-0.10449219
-0.0703125
0.07861328
-0.028076172
-0.103027344
-0.048095703
-0.18847656
-0.17480469
-0.10205078
-0.083984375
0.14355469
-0.24804688
-0.19042969
0.011108398
0.14550781
-0.09472656
-0.033203125
0.005554199
0.17480469
-0.1015625
0.115234375
0.095214844
0.13378906
-0.080078125
0.04736328
0.080566406
0.025878906
-0.11230469
-0.23242188
-0.18359375
0.22070312
-0.13769531
-0.08544922
0.18457031
-0.00029945374
-0.056396484
0.21679688
0.1796875
-0.3046875
0.20898438
0.04321289
0.02758789
-0.041259766
-0.099121094
0.12597656
-0.103515625
0.10839844
0.11328125
-0.007598877
-0.049804688
-0.13769531
0.06347656
0.080566406
0.099609375
0.053955078
0.04272461
-0.13867188
-0.2421875
-0.29101562
0.13378906
0.0058288574
0.023925781
