0.032226562
0.013549805
0.123535156
0.27539062
-0.021118164
-0.18847656
-0.140625
-0.15136719
-0.079589844
0.009521484
-0.0625
-0.025512695
0.27539062
0.119628906
0.1015625
-0.053710938
0.103515625
0.100097656
0.06982422
0.008728027
-0.083984375
-0.01574707
0.296875
0.16210938
0.26367188
0.071777344
-0.044921875
0.34179688
0.08251953
-0.011108398
0.04711914
-0.12011719
-0.22167969
-0.26171875
-0.10107422
-0.072753906
-0.076660156
-0.014587402
0.17578125
0.016601562
-0.08984375
0.07128906
-0.07324219
0.21289062
0.0038604736
0.11035156
0.115234375
0.053710938
-0.20410156
0.25390625
-0.06298828
0.29492188
-0.0703125
-0.31054688
-0.28515625
-0.06640625
-0.26367188
-0.06738281
-0.20996094
-0.12890625
-0.024780273
-0.064453125
-0.171875
-0.14355469
0.21191406
-0.123535156
0.071777344
-0.067871094
-0.2265625
-0.095214844
-0.08544922
0.033447266
0.19238281
0.060546875
0.11328125
0.17578125
0.10498047
0.17089844
0.100097656
0.15820312
0.06933594
-0.46679688
-0.03491211
-0.032226562
0.2421875
-0.12158203
-0.05102539
-0.2421875
0.25585938
0.106933594
-0.0033569336
-0.14648438
-0.33984375
0.15429688
-0.17382812
-0.22558594
0.018920898
-0.33007812
-0.036621094
-0.018920898
-0.02331543
-0.12011719
0.099121094
0.19042969
-0.1640625
0.14550781
-0.099609375
-0.38671875
-0.38671875
-0.27539062
0.049804688
0.1328125
0.30859375
-0.14941406
0.034179688
0.087402344
-0.048828125
-0.17578125
0.16210938
0.09814453
0.25195312
-0.0071411133
-0.01965332
-0.21972656
0.20214844
-0.29296875
-0.35742188
0.11767578
-0.4375
0.1875
-0.2890625
-0.22753906
-0.123046875
-0.19433594
-0.028198242
-0.16796875
-0.30078125
-0.19921875
-0.10986328
0.045410156
-0.020996094
-0.005645752
-0.14941406
-0.55078125
0.16308594
-0.080566406
-0.22558594
0.078125
-0.061523438
-0.028442383
-0.07861328
0.03491211
0.096191406
0.12792969
0.2578125
0.0126953125
-0.29296875
0.24316406
0.0024414062
0.06689453
-0.056396484
0.072753906
0.0008544922
0.008605957
0.3984375
-0.0625
0.029052734
0.111816406
0.002670288
0.15039062
-0.17089844
-0.22167969
0.030639648
-0.052001953
-0.20605469
-0.022949219
-0.047607422
-0.12109375
-0.22851562
0.01928711
0.0703125
0.099121094
0.140625
0.08886719
0.296875
0.19335938
0.42773438
-0.048339844
0.041259766
-0.036621094
0.20703125
0.0703125
0.035888672
0.13378906
0.076171875
0.19824219
0.2890625
0.017456055
-0.12890625
-0.04638672
0.11669922
0.21875
0.067871094
-0.14648438
0.17871094
-0.104003906
0.36132812
-0.021850586
0.10107422
-0.2109375
-0.18066406
-0.123535156
-0.14648438
0.07470703
-0.27148438
-0.09423828
0.44140625
-0.037353516
-0.19726562
-0.19824219
0.14160156
-0.055908203
0.106933594
-0.045166016
-0.17578125
-0.06201172
0.037841797
0.12988281
0.04296875
0.057617188
0.013916016
0.10498047
-0.12890625
0.044677734
-0.040771484
0.18164062
-0.15234375
-0.100097656
0.059326172
-0.13769531
-0.0059509277
-0.09375
0.07470703
-0.023925781
-0.030761719
0.08251953
-0.053955078
-0.20019531
0.072753906
0.19726562
-0.11816406
0.21875
-0.080566406
0.33398438
0.014953613
-0.19335938
0.36523438
0.15039062
0.19433594
-0.011413574
0.04711914
0.15820312
0.21484375
0.16601562
-0.044189453
0.24609375
-0.072753906
-0.05053711
-0.18359375
-0.11328125
-0.22070312
-0.3203125
0.15527344
-0.099121094
-0.17773438
-0.005340576
0.28515625
0.07421875
-0.03466797
0.08105469
-0.3359375
0.19921875
0.27734375
0.083984375
-0.22851562
0.025634766
-0.12597656
0.09033203
-0.24707031
-0.014709473
-0.011108398
-0.035888672
-0.10205078
0.16601562
-0.103027344
0.33789062
0.019042969
0.08251953
0.057128906
0.041992188
