-0.096191406
-0.19433594
0.20898438
0.36914062
0.00078582764
-0.119140625
-0.3203125
-0.036376953
-0.047607422
0.37304688
-0.203125
0.38085938
0.19042969
-0.006378174
-0.021606445
0.064941406
0.072753906
0.15039062
0.13378906
0.20898438
0.095214844
-0.07373047
-0.06591797
0.3828125
0.09716797
-0.03955078
-0.13867188
-0.059570312
-0.06689453
0.12060547
0.22753906
-0.11621094
-0.15722656
-0.1640625
-0.25390625
0.10107422
-0.27929688
0.048095703
-0.06591797
0.036865234
-0.060791016
0.096191406
0.07861328
0.32421875
0.13085938
0.040039062
0.23339844
-0.014953613
0.012451172
0.53125
0.06738281
0.12109375
0.13183594
-0.3515625
-0.44335938
0.23828125
-0.11621094
0.010986328
-0.234375
0.079589844
0.033935547
0.171875
-0.14941406
-0.114746094
-0.044921875
-0.13671875
0.01159668
0.091308594
-0.17480469
0.16992188
-0.3046875
-0.06689453
0.019042969
0.38085938
-0.03857422
0.13867188
0.07470703
0.038085938
-0.203125
0.06689453
-0.12792969
0.039794922
0.092285156
-0.35351562
-0.12792969
-0.11328125
-0.020141602
0.010192871
-0.21582031
0.21386719
0.17285156
-0.12792969
-0.36328125
-0.016845703
-0.20410156
-0.030639648
-0.037109375
-0.21289062
0.088378906
0.009521484
-0.42382812
0.12158203
0.06347656
0.38671875
0.08154297
0.046142578
0.037109375
-0.27148438
-0.1875
-0.16992188
0.04638672
0.14746094
0.42578125
-0.19726562
-0.067871094
-0.0002937317
-0.296875
-0.015625
0.18457031
0.25
0.006134033
-0.19238281
-0.06201172
-0.19238281
0.171875
-0.38085938
0.068847656
-0.059570312
-0.18066406
0.06201172
-0.09033203
-0.17871094
-0.23925781
-0.15136719
0.010314941
-0.55859375
-0.25
0.140625
-0.13085938
-0.19140625
-0.19335938
-0.24804688
-0.14257812
-0.3046875
0.31640625
0.06689453
-0.14550781
-0.12451172
-0.111328125
-0.10888672
-0.11767578
0.08105469
0.053710938
-0.04711914
0.34960938
-0.1484375
-0.359375
-0.020141602
0.09472656
0.044433594
0.1875
0.19921875
0.18164062
0.12597656
0.24316406
0.1015625
0.17871094
-0.064453125
0.15527344
0.17675781
-0.35546875
-0.27929688
-0.006378174
0.08154297
-0.0012283325
-0.07421875
0.050048828
-0.328125
-0.03881836
-0.08984375
-0.12890625
0.171875
-0.20996094
-0.095703125
0.45117188
-0.107910156
0.014160156
0.13183594
-0.015197754
0.024047852
-0.052001953
0.27929688
0.029785156
0.087890625
-0.0138549805
0.23144531
0.15917969
-0.1875
-0.33203125
-0.16796875
-0.061279297
0.04345703
-0.296875
0.00051116943
0.234375
-0.49023438
0.20019531
0.036376953
0.21582031
-0.038330078
-0.25
-0.019165039
-0.21289062
-0.064453125
-0.234375
0.16796875
-0.09716797
-0.091308594
-0.09326172
0.028564453
0.11035156
-0.13867188
-0.12402344
0.012817383
-0.24316406
-0.012817383
0.15527344
0.23632812
0.1875
-0.092285156
-0.107421875
0.07763672
-0.07324219
0.11425781
-0.09667969
-0.106933594
-0.009033203
0.20019531
0.18066406
-0.17089844
0.07324219
-0.07128906
0.17578125
-0.0008125305
-0.13964844
0.16699219
-0.18066406
-0.06298828
-0.28125
0.11816406
0.018676758
0.075683594
-0.2109375
0.15039062
0.25390625
-0.08496094
0.18261719
-0.029052734
-0.14550781
-0.04345703
0.25390625
0.15039062
0.14257812
-0.06347656
-0.0010223389
0.15820312
-0.038330078
-0.25195312
-0.04248047
0.045410156
-0.19824219
0.13378906
0.2890625
-0.072753906
-0.060791016
-0.0004310608
-0.0061035156
0.30273438
-0.011291504
0.1328125
-0.24121094
0.020141602
-0.203125
-0.13867188
-0.15722656
0.09033203
-0.076660156
0.08251953
-0.15332031
0.11279297
-0.047851562
0.23632812
0.072265625
0.21582031
-0.10546875
0.2734375
-0.057861328
0.072753906
0.08105469
0.27148438
