-0.13378906
-0.0234375
0.009399414
0.43359375
0.068847656
0.14941406
0.03930664
0.021240234
-0.21582031
0.24023438
-0.23828125
0.28320312
0.12695312
-0.041259766
-0.19238281
-0.09375
-0.26757812
0.07128906
0.14648438
-0.25976562
0.3359375
-0.1328125
0.10644531
-0.014221191
0.27539062
0.080078125
-0.31835938
0.13574219
-0.21582031
0.19335938
0.114746094
-0.19824219
-0.390625
-0.084472656
0.22851562
-0.040527344
-0.15429688
0.31835938
0.13671875
-0.17382812
0.19921875
-0.14257812
0.19433594
0.11328125
0.19433594
0.15722656
0.25195312
-0.052734375
-0.06640625
0.34960938
0.11621094
0.10449219
-0.011352539
-0.115722656
-0.34375
0.092285156
-0.3359375
0.0036315918
-0.12695312
-0.20019531
0.37109375
0.033447266
0.17773438
0.03466797
0.037841797
-0.07861328
0.25195312
-0.10888672
0.005065918
0.049072266
-0.23339844
-0.016967773
-0.009216309
0.057617188
-0.3125
-0.14355469
0.29492188
0.34765625
-0.12890625
0.20996094
0.00038146973
-0.043945312
0.22265625
-0.11669922
-0.01574707
0.021972656
0.022705078
-0.16015625
-0.14941406
0.47460938
-0.019897461
-0.27539062
-0.15039062
-0.17285156
-0.25195312
-0.21972656
-0.080078125
0.26171875
-0.32226562
-0.11816406
-0.021972656
0.30078125
-0.0047302246
0.033447266
-0.018432617
0.111816406
0.28515625
0.041748047
-0.28515625
-0.21386719
-0.092285156
0.059814453
0.2421875
-0.1484375
-0.19824219
-0.084472656
0.02331543
0.0011749268
0.13183594
0.087402344
-0.30664062
-0.012756348
-0.13476562
0.0043945312
0.34570312
-0.103515625
0.0035247803
0.22265625
-0.13964844
-0.13964844
-0.16992188
0.16796875
0.026245117
-0.18945312
-0.03857422
-0.12792969
-0.10107422
0.013549805
-0.24609375
0.059326172
-0.020629883
0.030639648
-0.060302734
0.057373047
0.16113281
0.068359375
-0.056396484
0.20507812
-0.45703125
0.10595703
0.5546875
0.23339844
0.29492188
-0.15234375
0.17675781
0.15722656
-0.12011719
0.18457031
0.026245117
0.057128906
-0.16210938
0.17675781
0.10253906
-0.107910156
0.51171875
-0.049560547
0.03125
0.203125
0.11621094
0.28710938
-0.44921875
-0.35742188
-0.011047363
0.12988281
0.0018005371
-0.16894531
-0.103515625
-0.31640625
-0.2890625
-0.41796875
0.13378906
0.103027344
-0.051757812
-0.111328125
0.34375
0.171875
0.13085938
0.19238281
0.1484375
-0.12988281
-0.30078125
0.16699219
0.10107422
0.08642578
-0.19628906
-0.02368164
0.083984375
-0.19726562
0.060302734
-0.14160156
0.07910156
0.07373047
-0.0067749023
0.28125
0.014221191
-0.26953125
0.2265625
-0.018554688
-0.080566406
-0.019165039
-0.22851562
-0.083496094
-0.06738281
0.12109375
-0.26757812
-0.09375
-0.19921875
0.34375
0.27929688
-0.23828125
-0.046875
-0.18164062
0.24121094
0.052490234
-0.107421875
-0.001411438
-0.043945312
0.028808594
0.038085938
-0.2890625
0.16894531
-0.04663086
0.08300781
-0.17382812
0.013183594
0.04663086
-0.23339844
-0.12451172
0.2109375
-0.3046875
0.087402344
-0.012084961
-0.3046875
-0.12158203
0.028198242
0.19921875
-0.033447266
-0.15722656
0.055419922
0.06933594
-0.08886719
0.0036468506
0.17480469
0.05883789
0.1328125
0.22265625
0.265625
-0.09082031
-0.040039062
0.17285156
0.048828125
-0.09033203
0.07373047
-0.0138549805
0.44140625
0.11767578
-0.17773438
-0.21777344
-0.018432617
-0.018676758
-0.18945312
0.122558594
0.03100586
-0.092285156
-0.041503906
0.08935547
0.14160156
0.34765625
0.19824219
0.22167969
-0.052734375
0.2109375
0.103515625
-0.09375
0.033691406
-0.12597656
-0.26171875
0.18847656
-0.109375
0.03100586
-0.18261719
0.09765625
0.00091171265
0.06591797
0.21875
0.052246094
-0.10595703
0.28125
0.08886719
0.17773438
