-0.018554688
0.13183594
-0.0063171387
0.19824219
0.2265625
0.099609375
-0.29101562
-0.28320312
-0.15234375
0.17578125
-0.3125
0.043945312
0.359375
-0.30664062
-0.109375
-0.078125
0.13476562
0.067871094
0.063964844
0.06982422
-0.08544922
-0.2109375
0.05102539
0.099121094
0.16308594
0.09765625
-0.1640625
0.0059509277
0.043701172
0.02722168
-0.009277344
-0.05444336
-0.40820312
-0.049316406
-0.30078125
-0.15039062
0.024902344
0.095703125
-0.24902344
-0.013916016
-0.010437012
0.038085938
0.14160156
0.20703125
0.04345703
0.23339844
-0.095703125
-0.053466797
0.01953125
0.40625
0.038085938
0.1328125
0.057128906
-0.23828125
-0.39257812
0.16210938
-0.29882812
-0.19042969
-0.22070312
-0.10205078
0.1171875
0.10546875
0.011230469
-0.14550781
-0.14746094
0.027709961
-0.25195312
0.071777344
-0.010314941
0.12890625
-0.087402344
0.10595703
-0.006225586
0.2734375
0.06347656
0.28710938
0.11425781
0.16308594
0.15136719
0.20605469
-0.020996094
-0.24902344
0.10107422
-0.17480469
0.04638672
0.07519531
-0.03466797
-0.007385254
-0.16503906
0.24511719
-0.0625
-0.035888672
-0.234375
-0.14746094
-0.16699219
-0.23730469
0.21582031
-0.39257812
-0.34375
-0.17285156
-0.20605469
0.0025634766
-0.13867188
0.04296875
0.052246094
-0.17773438
-0.10644531
-0.016357422
-0.13964844
-0.076660156
-0.040771484
0.013916016
0.24609375
-0.057861328
0.16992188
-0.059570312
-0.16992188
0.048339844
0.040771484
0.22363281
-0.033691406
-0.1796875
0.04272461
-0.17675781
0.6171875
-0.1953125
-0.13183594
-0.05419922
-0.048095703
0.0050964355
-0.03540039
0.16015625
-0.15332031
-0.023925781
-0.091796875
-0.26757812
-0.0008277893
0.027954102
-0.04663086
0.07080078
0.20507812
-0.06689453
0.10449219
-0.19140625
0.32226562
0.02368164
-0.09667969
0.013061523
-0.118652344
-0.17382812
-0.05883789
0.20117188
0.15136719
0.19238281
0.171875
-0.14941406
-0.036865234
0.17871094
0.030883789
-0.083984375
0.034423828
0.34570312
0.17871094
0.19433594
0.2734375
-0.087890625
-0.0063476562
0.14160156
0.09716797
0.07714844
-0.068359375
-0.21386719
0.057861328
-0.13964844
-0.14355469
-0.08984375
0.09472656
-0.2109375
0.14355469
-0.27148438
0.08496094
0.029174805
-0.23730469
-0.18359375
0.4140625
-0.0119018555
0.048339844
0.1484375
-0.1328125
0.04638672
0.21972656
0.19238281
0.16015625
0.15527344
-0.25195312
0.26757812
0.072265625
-0.28125
0.037353516
-0.14648438
0.1796875
0.09375
-0.037353516
-0.13574219
0.15234375
-0.14257812
-0.038085938
0.013427734
0.123535156
0.032958984
-0.17480469
-0.0030517578
0.068359375
-0.022216797
-0.13183594
-0.028808594
-0.1953125
0.076660156
0.484375
-0.13574219
0.051757812
-0.21972656
-0.07763672
0.1796875
-0.14746094
0.28710938
0.10205078
0.119628906
-0.022460938
0.14746094
0.016967773
0.0054016113
-0.011657715
-0.061767578
0.14160156
-0.16894531
-0.036376953
0.050048828
0.029174805
-0.076171875
0.35351562
0.07421875
0.005279541
0.12792969
-0.029541016
0.296875
-0.21191406
-0.23632812
-0.111816406
-0.076660156
-0.08154297
0.103027344
-0.09472656
0.045654297
0.09375
-0.08886719
0.009521484
-0.12011719
0.09033203
0.18066406
0.24414062
0.25195312
0.10546875
0.100097656
0.12890625
0.19335938
0.026489258
-0.111328125
-0.19433594
0.28125
0.026855469
0.10253906
-0.048828125
-0.004058838
0.11425781
0.023803711
-0.05419922
0.28515625
0.01171875
0.06347656
-0.26757812
0.09765625
-0.09277344
-0.12402344
-0.023071289
0.3828125
-0.171875
0.13574219
-0.13085938
-0.011962891
-0.061279297
0.24511719
0.08300781
0.06591797
-0.100097656
-0.008056641
-0.1484375
0.15429688
0.025390625
-0.024414062
