0.16699219
0.033203125
0.27929688
0.140625
-0.1875
-0.05102539
0.123535156
-0.10253906
-0.067871094
-0.015319824
-0.039794922
-0.16210938
-0.140625
-0.111816406
0.22558594
0.0008583069
-0.061035156
0.20507812
0.061523438
-0.26757812
0.32617188
0.10595703
0.12158203
-0.00039482117
0.11328125
0.10498047
-0.37890625
0.12695312
-0.2109375
0.24804688
0.09277344
-0.103027344
-0.12109375
-0.12695312
0.08105469
-0.4375
-0.14746094
0.16601562
0.16601562
0.05126953
0.18847656
0.032226562
0.23535156
-0.13085938
-0.17578125
-0.005218506
-0.016601562
0.051513672
-0.08886719
0.1484375
-0.014831543
0.034423828
-0.17675781
0.18652344
-0.11035156
-0.03491211
-0.46484375
0.03491211
-0.07373047
0.044433594
0.107910156
-0.11767578
0.091308594
-0.16015625
0.016845703
-0.031982422
0.34375
-0.36132812
0.023925781
0.07421875
-0.106933594
0.012512207
-0.09716797
-8.8214874e-05
-0.10888672
-0.22753906
0.15917969
-0.061767578
0.037353516
0.19921875
0.052734375
-0.26171875
0.060546875
-0.28320312
0.16015625
-0.203125
-0.203125
-0.008972168
0.25976562
0.03540039
0.10595703
-0.18652344
-0.36132812
0.08154297
-0.28320312
-0.16992188
-0.049560547
-0.21679688
-0.021850586
-0.24023438
-0.07763672
0.08154297
0.16992188
0.12792969
-0.0546875
-0.15722656
0.080078125
0.12060547
-0.23535156
0.011047363
0.20800781
-0.0009460449
-0.17578125
-0.19335938
-0.05908203
0.014038086
0.0028839111
-0.0020446777
0.36328125
0.23925781
-0.27734375
-0.20605469
0.04248047
-0.03112793
-0.23535156
0.052734375
0.05493164
-0.04711914
-0.57421875
0.057861328
-0.28320312
0.029418945
-0.12060547
-0.22558594
0.068359375
0.012634277
0.029418945
-0.1015625
0.16601562
-0.07861328
-0.09033203
-0.080078125
0.17675781
0.15039062
0.03564453
-0.013061523
0.15625
0.079589844
-0.31445312
-0.106933594
0.30664062
-0.25195312
0.25
0.026733398
0.13183594
0.06640625
-0.28125
0.24511719
0.16015625
0.2734375
-0.095214844
-0.07373047
-0.140625
-0.16699219
0.36328125
0.040039062
-0.080078125
0.26171875
-0.020507812
0.14160156
-0.4140625
0.08642578
0.21679688
-0.057861328
-0.1796875
-0.21679688
0.14746094
-0.080566406
-0.045410156
-0.17382812
0.14257812
-0.16699219
-0.043945312
-0.118652344
0.375
0.12890625
0.28515625
0.012756348
-0.019165039
0.06225586
-0.03125
-0.13378906
0.003692627
-0.071777344
-0.09863281
0.13378906
0.059570312
-0.16992188
-0.23242188
-0.27539062
0.024658203
-0.06640625
-0.032470703
0.18554688
-0.125
-0.0390625
0.10107422
-0.028686523
-0.37109375
0.05053711
0.125
-0.111328125
0.053710938
0.20996094
-0.14648438
-0.084472656
0.26757812
0.087890625
0.34765625
-0.15234375
-0.27148438
-0.24609375
-0.06347656
-0.18554688
-0.21582031
-0.16699219
-0.017700195
-0.044433594
0.14160156
-0.36914062
-0.087890625
-0.010559082
0.08154297
-0.004058838
0.096191406
0.22070312
-0.21972656
0.0024871826
-0.23828125
-0.22460938
-0.16601562
-0.1484375
-0.07080078
0.06298828
-0.032226562
0.24902344
0.048339844
0.018188477
0.017333984
-0.09033203
0.028442383
0.13378906
0.07714844
0.15039062
0.03149414
0.110839844
0.3125
0.15429688
0.21386719
-0.036621094
0.18359375
0.123046875
0.19335938
0.13085938
0.31445312
-0.0703125
-0.27539062
-0.12109375
0.053710938
0.05859375
-0.02722168
-0.06298828
-0.045410156
-0.10839844
0.17871094
-0.008483887
0.26171875
0.16113281
-0.12207031
0.111816406
0.072265625
0.33789062
-0.030395508
0.2421875
-0.29492188
0.0074157715
-0.11035156
-0.0028839111
-0.103027344
-0.045166016
-0.14746094
-0.008056641
-0.27148438
-0.07910156
-0.1796875
0.33007812
-0.05419922
-0.083496094
0.21582031
0.011413574
