0.106933594
-0.048095703
0.1484375
0.15820312
-0.030883789
-0.20214844
-0.12792969
-0.37890625
-0.17089844
-0.11328125
-0.020874023
-0.11328125
0.12158203
-0.052001953
0.055419922
0.14941406
0.115722656
0.00680542
0.08300781
0.20703125
0.47265625
-0.09423828
0.11425781
0.04736328
0.14550781
0.092285156
-0.0390625
-0.16992188
0.02331543
0.1015625
-0.15527344
0.042236328
0.045654297
-0.22460938
-0.21582031
-0.0037078857
-0.41601562
-0.052490234
0.10839844
0.13183594
0.06347656
0.05029297
0.17382812
0.15234375
0.06591797
0.0703125
-0.15917969
0.06542969
-0.083496094
0.010009766
-0.15527344
0.42578125
-0.012023926
-0.08544922
-0.122558594
0.23144531
-0.34960938
0.103515625
-0.16503906
0.01940918
-0.10205078
0.052978516
-0.057373047
-0.20800781
0.13769531
-0.25390625
0.29882812
-0.30078125
-0.107421875
0.019042969
-0.08642578
-0.16699219
0.15917969
0.16308594
0.17675781
0.099609375
0.23828125
-0.06201172
0.055664062
0.16210938
-0.118652344
-0.10546875
-0.19335938
-0.014953613
0.28125
-0.091308594
-0.19238281
-0.014221191
0.23730469
0.008728027
0.32617188
-0.20410156
-0.56640625
0.34960938
-0.032470703
-0.34179688
0.03955078
-0.40625
0.33789062
0.328125
-0.19042969
-0.022949219
-0.05810547
0.18164062
-0.000957489
0.13183594
0.09667969
-0.38867188
-0.10058594
-0.17578125
0.09326172
0.17675781
0.37304688
-0.17675781
-0.064941406
0.04638672
-0.11230469
-0.2265625
0.38671875
0.20996094
0.06542969
-0.22949219
0.0014648438
-0.078125
0.01586914
0.013916016
0.049316406
0.0071411133
-0.66796875
0.12597656
-0.067871094
-0.115722656
-0.11767578
-0.24121094
0.026123047
-0.23046875
-0.24121094
0.16113281
0.12597656
-0.03466797
0.15234375
-0.13671875
-0.007232666
0.03881836
0.1796875
0.06933594
-0.24511719
0.055419922
-0.060546875
-0.11279297
0.002670288
-0.035888672
0.03930664
-0.13476562
0.23925781
-0.26953125
-0.5625
0.07128906
-0.072753906
0.087890625
0.26171875
0.18066406
-0.024658203
0.11035156
0.3203125
-0.07861328
-0.068359375
0.21386719
-0.0078125
0.12792969
-0.17480469
0.18945312
0.1796875
-0.048339844
-0.31835938
-0.18359375
0.032226562
-0.078125
-0.080078125
0.083496094
-0.056396484
-0.1953125
-0.16699219
0.059326172
0.3046875
0.072753906
0.15625
-0.21582031
0.009521484
0.08544922
0.018310547
-0.12207031
-0.13574219
-0.31054688
0.039794922
0.35546875
0.20800781
0.09082031
-0.18261719
-0.26171875
0.039794922
0.06640625
-0.16992188
-0.21875
0.20800781
-0.048828125
-0.0011291504
-0.18457031
0.017578125
-0.34179688
-0.13183594
-0.28125
-0.08300781
0.22558594
-0.17089844
-0.18554688
0.29492188
-0.21972656
-0.29296875
-0.19824219
-0.09667969
-0.08984375
-0.16992188
0.021972656
-0.33007812
-0.053466797
0.33007812
-0.016601562
0.32617188
-0.115234375
-0.19433594
-0.068359375
0.04272461
0.14648438
0.040771484
0.15332031
-0.13769531
0.049316406
-0.15625
-0.079589844
0.033447266
-0.21777344
0.10644531
0.18066406
-0.006134033
-0.15625
-0.23828125
-0.15039062
0.08935547
0.16503906
-0.025268555
0.095214844
-0.075683594
0.23339844
0.029907227
-0.025878906
0.18847656
0.057617188
0.057861328
0.018188477
0.11328125
0.22363281
0.17382812
0.25976562
0.3046875
0.083984375
-0.31835938
-0.33398438
0.03173828
-0.13867188
-0.25585938
0.16308594
0.22949219
0.08203125
0.15625
-0.15234375
-0.018310547
-0.11376953
-0.071777344
0.028442383
-0.3359375
-0.14160156
0.26171875
-0.059326172
-0.30273438
-0.15234375
-0.02758789
0.04248047
-0.08642578
0.20605469
0.28320312
0.171875
0.011474609
0.17578125
-0.06591797
0.25585938
0.0076904297
-0.02722168
-0.08154297
0.045654297
