0.23535156
0.18652344
-0.0390625
0.31445312
-0.010192871
0.09375
-0.3203125
-0.016357422
-0.06347656
0.22167969
-0.17382812
0.044921875
0.10595703
0.06298828
-0.08300781
-0.038085938
-0.06982422
-0.053955078
-0.008911133
0.14160156
0.08984375
0.0703125
0.2890625
-0.060791016
0.3515625
0.018554688
0.038330078
0.34375
-0.24511719
-0.0095825195
0.12060547
-0.04248047
-0.31445312
0.109375
-0.15039062
-0.31054688
-0.014526367
0.16015625
-0.04711914
0.14453125
0.13183594
0.055419922
0.34570312
0.19921875
0.12695312
0.037841797
0.07519531
0.38085938
-0.013549805
0.24414062
0.016357422
0.22851562
-0.04638672
-0.1953125
-0.22949219
0.18554688
-0.16601562
-0.119140625
-0.19726562
-0.041992188
0.0859375
0.09765625
0.026245117
-0.072265625
-0.010559082
-0.10839844
-0.24804688
-0.038085938
0.15722656
-0.17382812
-0.19042969
-0.123046875
-0.17871094
0.171875
-0.06933594
-0.041748047
0.18164062
0.076171875
-0.09277344
0.119628906
-0.08544922
0.049560547
0.12011719
-0.16113281
-0.002166748
-0.17578125
-0.049804688
-0.23730469
0.10058594
0.06982422
-0.0115356445
-0.12207031
-0.3515625
-0.171875
-0.06542969
-0.27539062
-0.02709961
-0.23144531
-0.31640625
-0.15527344
-0.43164062
0.16699219
0.11669922
0.0014648438
0.002243042
-0.021240234
-0.18554688
-0.19140625
-0.20019531
-0.107421875
0.052246094
0.2734375
0.29296875
-0.20898438
0.0014419556
-0.07714844
-0.08203125
-0.16210938
0.24023438
0.30664062
-0.28710938
-0.25195312
0.16894531
-0.123535156
0.14941406
-0.43164062
-0.040771484
0.1640625
-0.2734375
0.15234375
-0.37109375
-0.16015625
-0.3671875
-0.12695312
0.019897461
-0.11669922
-0.19140625
0.14257812
0.20703125
-0.013427734
0.33203125
0.17382812
0.087890625
-0.2109375
0.26171875
0.010864258
0.16308594
-0.0032043457
0.17578125
0.0032348633
-0.017944336
0.24707031
0.1875
0.16796875
0.30859375
0.045654297
0.095703125
0.17382812
0.107910156
0.036865234
-0.045654297
0.17578125
-0.029296875
-0.16308594
0.20898438
0.1875
0.12109375
0.015991211
0.05517578
0.08691406
-0.16503906
-0.20800781
0.100097656
0.20214844
0.0066223145
-0.2578125
-0.036132812
-0.12597656
0.0033569336
-0.2734375
-0.09033203
-0.03149414
0.079589844
-0.056640625
0.25195312
-0.071777344
0.10546875
-0.061279297
-0.11767578
-0.079589844
0.12451172
0.109375
-0.029663086
0.13867188
-0.27539062
0.24414062
0.33984375
-0.036621094
0.15722656
-0.25195312
0.23535156
0.09814453
-0.27148438
0.078125
0.18652344
-0.31835938
0.15039062
0.040771484
0.27734375
-0.110839844
-0.23535156
0.06347656
-0.091308594
-0.20117188
-0.15429688
0.104003906
-0.10107422
0.19628906
0.13964844
-0.13574219
0.20605469
-0.4375
0.1484375
0.12597656
-0.0018386841
0.13964844
-0.08300781
0.15039062
0.025512695
0.119628906
0.16992188
0.20898438
-0.0546875
-0.051513672
0.012573242
-0.07519531
-0.107910156
0.12988281
0.16113281
-0.061035156
0.23632812
0.067871094
0.19042969
0.1640625
-0.13867188
0.096191406
-0.19433594
-0.18066406
0.050048828
-0.018188477
0.23144531
-0.09082031
-0.08642578
-0.021606445
0.13085938
0.095214844
0.13574219
-0.13085938
0.19628906
0.0099487305
0.21289062
0.12988281
0.09765625
0.24511719
-0.060058594
0.16210938
0.11767578
-0.005126953
-0.092285156
0.12158203
0.02746582
-0.03100586
-0.10644531
0.030273438
0.12792969
-0.084472656
-0.017944336
-0.08154297
0.24316406
0.07910156
-0.23339844
0.38085938
0.13769531
-0.06591797
-0.21679688
0.30273438
-0.171875
0.072753906
-0.39257812
0.009460449
-0.01373291
-0.06982422
-0.27148438
0.23632812
0.14453125
0.13964844
-0.31054688
-0.16894531
0.084472656
-0.0043029785
