-0.07714844
-0.008605957
0.122558594
0.19238281
-0.0390625
0.052246094
0.13671875
-0.23242188
-0.119140625
0.14257812
-0.09277344
0.119140625
0.0071411133
-0.103027344
-0.28320312
-0.06933594
-0.26953125
-0.028198242
0.16894531
-0.27734375
0.48046875
-0.01940918
0.017944336
-0.019897461
0.16113281
0.064453125
-0.37109375
0.064941406
-0.12695312
0.265625
-0.16894531
-0.080566406
-0.33984375
-0.08203125
0.22167969
-0.08300781
-0.21972656
0.18847656
0.25585938
-0.11279297
0.23144531
-0.010192871
0.27539062
0.10839844
0.20996094
0.10839844
0.119140625
-0.0115356445
-0.048583984
0.1796875
-0.109375
0.13378906
-0.111328125
0.106933594
-0.13085938
0.11230469
-0.48046875
0.088378906
-0.03564453
-0.16601562
0.34570312
0.015319824
0.17285156
-0.056884766
0.018676758
-0.05834961
0.22363281
-0.1953125
0.05493164
-0.004333496
-0.1328125
0.040039062
0.038085938
0.03564453
-0.22851562
-0.28320312
0.14550781
0.28125
-0.06225586
0.3046875
-0.11621094
-0.047607422
0.21582031
-0.064453125
0.10888672
-0.07324219
-0.052246094
0.010681152
0.059570312
0.3359375
-0.03491211
-0.12988281
-0.11230469
0.009338379
-0.18164062
-0.296875
-0.15429688
0.051757812
0.004425049
0.07910156
-0.01928711
0.12890625
-0.05444336
0.03491211
0.0002861023
0.11279297
0.19042969
0.042236328
-0.20117188
0.12890625
-0.026733398
0.104003906
0.052001953
-0.071777344
-0.16113281
0.047851562
0.095703125
0.13476562
0.28515625
-0.0011978149
-0.24316406
-0.103515625
-0.05102539
0.05908203
-0.030639648
0.061035156
0.13867188
0.053710938
-0.4453125
-0.13476562
-0.100097656
0.203125
-0.08251953
-0.068847656
-0.12695312
0.008544922
-0.19042969
-0.02331543
0.008544922
-0.076171875
0.18261719
-0.05859375
0.11279297
0.2578125
0.011657715
0.08300781
0.079589844
0.23339844
-0.41210938
0.083496094
0.42382812
-0.034179688
0.14550781
-0.13964844
0.088378906
0.13769531
-0.17871094
0.12451172
0.16601562
0.18066406
-0.25
0.12597656
0.122558594
-0.15625
0.41601562
-0.08154297
-0.07861328
0.18847656
0.055908203
0.41992188
-0.40039062
0.045166016
0.06347656
0.032958984
0.05883789
-0.30859375
0.008605957
-0.19042969
-0.19335938
-0.421875
0.12109375
-0.18261719
-0.109375
-0.09472656
0.22460938
0.21191406
0.21679688
0.20214844
0.10498047
-0.03540039
-0.28125
-0.044433594
0.063964844
0.09082031
-0.083496094
0.06689453
0.04321289
-0.19042969
0.025390625
-0.43164062
0.08935547
0.014587402
0.015991211
0.15722656
-0.15429688
0.052490234
-0.06298828
-0.3359375
-0.22460938
-0.009216309
-0.109375
-0.06298828
-0.14160156
0.24609375
-0.20996094
-0.023071289
-0.08544922
0.18652344
0.16015625
-0.18359375
-0.33398438
-0.08105469
0.16015625
-0.009033203
0.022827148
-0.19042969
0.11376953
-0.026367188
0.29882812
-0.16210938
0.0019989014
0.047851562
0.36132812
-0.041015625
0.08251953
0.15136719
-0.30273438
-0.11376953
0.067871094
-0.26171875
0.011047363
-0.008300781
-0.16015625
-0.099609375
0.075683594
0.08544922
0.038330078
-0.18945312
0.07519531
0.032470703
0.02722168
0.00062942505
0.21582031
0.11816406
-0.010375977
0.32421875
0.296875
-0.171875
-0.03100586
0.04248047
0.028808594
-0.140625
-0.01928711
0.12158203
0.45703125
-0.06201172
-0.25390625
-0.15039062
-0.1015625
-0.013183594
-0.1640625
0.37109375
0.0041503906
-0.18457031
0.12890625
0.10546875
0.020385742
0.23242188
0.028930664
0.22949219
-0.041748047
0.09423828
-0.028076172
-0.11230469
-0.15722656
-0.22949219
-0.10498047
0.11816406
0.083496094
0.14257812
-0.014587402
0.020385742
0.0029144287
-0.032714844
0.11230469
-0.11035156
0.0054626465
0.12207031
0.15917969
0.004547119
