0.03149414
-0.18261719
0.16308594
0.12451172
-0.018554688
-0.17382812
-0.12109375
-0.1328125
-0.125
0.24511719
-0.21875
0.04296875
0.16601562
-0.114746094
-0.07373047
0.028198242
0.07714844
0.13964844
0.10644531
0.3984375
0.31835938
-0.033447266
0.038085938
0.21582031
-0.0039367676
0.049560547
-0.18164062
-0.17773438
-0.21777344
0.22851562
0.14746094
0.028076172
0.0040893555
-0.09326172
-0.115722656
-0.010131836
-0.36914062
-0.15332031
0.060791016
0.015014648
0.14257812
0.004638672
0.07128906
0.26953125
0.19628906
0.06738281
0.0016479492
-0.076171875
-0.08154297
0.25195312
-0.13867188
0.26171875
0.011352539
-0.032226562
-0.171875
0.16796875
-0.3359375
0.08105469
-0.19921875
0.1171875
-0.029418945
0.068359375
-0.16894531
-0.24707031
0.026000977
-0.13574219
0.13085938
-0.18554688
-0.020385742
0.025512695
-0.21484375
-0.063964844
-0.0069885254
0.20410156
0.028442383
0.036865234
0.125
-0.123046875
-0.01586914
0.09765625
0.0014648438
0.034179688
-0.0095825195
-0.24511719
0.03149414
-0.083496094
-0.2578125
0.15332031
0.021484375
0.103515625
0.21679688
-0.01953125
-0.27734375
0.12890625
-0.037109375
0.0071105957
0.0016937256
-0.28710938
0.24707031
0.13671875
-0.23730469
0.041748047
-0.078125
0.22167969
0.18164062
-0.078125
-0.0025482178
-0.265625
-0.020751953
-0.080078125
0.13183594
0.10107422
0.2265625
-0.19238281
0.044677734
0.06640625
-0.19335938
0.10839844
0.42578125
0.25585938
-0.02758789
-0.20898438
0.14453125
-0.16113281
0.11425781
-0.19140625
0.12402344
-0.16113281
-0.5703125
0.10888672
-0.18945312
-0.045654297
-0.27539062
-0.10058594
0.056396484
-0.23730469
-0.23339844
0.12207031
0.095214844
-0.22558594
-0.036865234
-0.20019531
-0.076171875
-0.039794922
0.26171875
0.024414062
0.080078125
0.03930664
-0.057128906
-0.115234375
-0.028198242
-0.06347656
-0.1953125
-0.17871094
0.12109375
-0.13574219
-0.43945312
0.045898438
0.047607422
0.028686523
0.020629883
0.3046875
0.037841797
-0.07373047
0.27539062
-0.020263672
0.029541016
0.008178711
-0.076660156
0.09667969
-0.20996094
0.123046875
0.171875
-0.01550293
-0.10546875
-0.047607422
0.09423828
-0.14648438
0.018798828
-0.023925781
-0.19433594
-0.2890625
-0.28710938
-0.043701172
0.25390625
-0.20117188
0.16113281
0.001739502
-0.06982422
0.15039062
-0.07128906
0.057373047
0.010864258
0.022827148
-0.04296875
0.3515625
0.09667969
-0.111328125
-0.12890625
-0.22167969
0.092285156
-0.106933594
-0.14160156
-0.041503906
0.17285156
-0.12695312
-0.044921875
-0.06298828
0.045410156
-0.17285156
0.10107422
-0.19824219
-0.15820312
0.14257812
-0.16601562
-0.09716797
-0.020507812
-0.2421875
-0.06542969
0.08154297
0.091796875
-0.26757812
-0.15917969
-0.13671875
-0.42773438
-0.09765625
0.13671875
0.1640625
0.37109375
-0.03491211
-0.2109375
-0.09667969
0.048583984
0.067871094
-0.032226562
-0.020263672
-0.078125
0.087402344
0.01965332
-0.087402344
-0.053710938
-0.10595703
0.15039062
0.044921875
-0.08154297
-0.028076172
-0.15527344
-0.17773438
-0.13574219
0.055419922
0.24023438
-7.867813e-05
0.061523438
0.18261719
0.140625
0.056640625
0.119140625
0.064941406
-0.060546875
-0.044921875
0.13085938
0.17675781
0.08544922
0.017333984
0.171875
0.016357422
-0.26171875
-0.17382812
0.016357422
-0.00970459
-0.16015625
0.375
0.26953125
-0.059814453
0.20117188
-0.007080078
-0.19628906
0.027954102
-0.22753906
0.0234375
-0.15332031
-0.045166016
-0.030883789
-0.15136719
-0.21777344
-0.013427734
-0.025146484
-0.021972656
-0.10498047
0.20410156
0.107421875
0.21582031
0.1484375
0.115234375
-0.17675781
0.14453125
-0.13574219
0.037597656
0.19628906
0.1796875
