-0.109375
0.27148438
-0.007873535
0.14648438
-0.20117188
0.063964844
-0.22851562
-0.07421875
0.021850586
0.22167969
-0.40820312
0.55859375
0.46289062
-0.34960938
-0.21582031
-0.20117188
-0.10058594
0.140625
0.234375
-0.06201172
0.056152344
-0.31835938
-0.05834961
0.036621094
0.01171875
-0.024169922
-0.078125
0.015136719
-0.18652344
0.087890625
0.19042969
-0.09033203
-0.421875
-0.265625
-0.19628906
-0.07080078
-0.09375
0.15917969
0.13574219
-0.061035156
-0.005584717
-0.063964844
0.021850586
0.296875
-0.12402344
0.46875
-0.023925781
0.06689453
0.05834961
0.055908203
0.16699219
-0.0012664795
0.41796875
-0.056640625
-0.45898438
0.41015625
-0.18847656
-0.26953125
0.111328125
-0.41992188
-0.09033203
0.08935547
0.048828125
-0.043945312
0.20996094
-0.21582031
0.0047302246
0.15136719
0.2109375
0.0039367676
-0.24902344
0.09277344
0.059814453
0.123535156
-0.21386719
-0.13085938
0.061523438
0.28125
0.3515625
-0.18554688
0.265625
-0.32617188
-0.16503906
0.10253906
0.034179688
-0.21679688
0.005065918
-0.171875
0.083496094
0.22070312
-0.25195312
0.1640625
-0.11328125
0.05908203
-0.11279297
0.08105469
0.0625
0.04663086
-0.2265625
-0.00579834
-0.20019531
0.18066406
-0.006011963
0.25585938
-0.0015945435
-0.0042419434
-0.08496094
-0.13183594
0.020751953
-0.07763672
-0.014343262
0.028442383
0.30664062
-0.018920898
-0.11376953
-0.12695312
-0.099121094
-0.296875
0.17578125
0.10986328
-0.27929688
-0.0045166016
-0.17675781
0.21875
0.32421875
-0.18359375
-0.072753906
0.014160156
0.11279297
0.0047912598
-0.05053711
-0.10107422
-0.084472656
-0.1328125
-0.25195312
-0.34570312
-0.107910156
-0.20019531
-0.27929688
0.12402344
0.107421875
0.01928711
0.171875
-0.018920898
0.24414062
0.022460938
-0.014953613
0.103515625
-0.26367188
0.10058594
0.24804688
-0.017578125
0.2890625
0.022827148
-0.05126953
-0.2734375
-0.09716797
-0.31640625
0.021972656
-0.09033203
0.10644531
-0.0020141602
0.23828125
0.33007812
0.106933594
-0.1953125
0.2265625
0.21484375
0.11035156
0.27929688
-0.041748047
-0.20117188
0.13085938
0.25585938
-0.017700195
-0.3203125
0.12597656
-0.18066406
0.14160156
0.060546875
0.056396484
-0.12792969
-0.072265625
-0.37109375
0.4609375
0.06982422
0.021728516
-0.111816406
-0.28125
-0.06933594
-0.05493164
-0.0234375
0.024780273
-0.107421875
-0.14746094
0.095214844
0.29882812
-0.39257812
-0.011962891
-0.515625
-0.17675781
-0.27734375
-0.0703125
0.03173828
-0.115722656
-0.5
0.020874023
-0.2578125
0.0146484375
-0.1640625
-0.47460938
-0.030883789
0.14550781
0.2109375
-0.20019531
-0.010864258
-0.06689453
0.37304688
0.028442383
0.06738281
0.016235352
-0.099609375
-0.13671875
-0.043945312
-0.17675781
0.37304688
-0.16015625
0.04711914
-0.057861328
-0.234375
-0.020629883
-0.13378906
-0.09472656
0.015380859
0.32617188
0.26757812
-0.25
-0.025024414
0.15527344
-0.12890625
0.14746094
0.006591797
-0.296875
-0.11816406
-0.3671875
0.08496094
-0.13769531
-0.072753906
0.15136719
-0.0625
-0.328125
-0.045410156
0.12792969
-0.10888672
-0.12011719
-0.22363281
0.16113281
-0.14160156
0.008422852
0.3125
0.13769531
0.07861328
0.20117188
-0.03540039
-0.088378906
0.12988281
-0.009155273
-0.3046875
0.29101562
-0.13085938
-0.24023438
-0.115722656
0.010864258
0.043945312
0.27539062
0.021728516
-0.33984375
0.453125
0.23828125
0.2109375
-0.118652344
-0.03881836
0.080078125
-0.072753906
0.30664062
0.22851562
-0.33007812
-0.052490234
-0.3671875
-0.041259766
-0.0019989014
0.12890625
0.18066406
0.10498047
-0.0625
-0.14941406
-0.35546875
0.15722656
-0.1640625
0.087890625
