0.20800781
-0.15429688
-0.0070495605
0.06738281
-0.15234375
0.022827148
-0.048828125
-0.296875
-0.18652344
0.15332031
-0.30664062
-0.110839844
0.328125
-0.17773438
0.12402344
-0.13574219
-0.3046875
-0.22265625
0.18457031
0.038330078
0.23828125
-0.0007171631
0.14160156
0.12109375
0.0007019043
0.18652344
-0.23535156
0.13183594
-0.018920898
0.20410156
-0.022338867
-0.296875
0.049804688
0.06542969
0.064941406
0.047607422
-0.07763672
0.1640625
0.24609375
-0.21191406
0.31445312
0.22265625
0.104003906
-0.06542969
0.09375
-0.076660156
-0.22753906
-0.04321289
-0.18066406
0.16796875
-0.060058594
0.056884766
-0.18847656
0.2578125
-0.24511719
0.033935547
-0.21191406
0.20703125
-0.037353516
-0.041259766
0.032958984
-0.03930664
0.13574219
0.06982422
0.23535156
0.007507324
0.4296875
-0.20996094
-0.04345703
-0.123046875
-0.24707031
-0.028076172
0.023803711
-0.05517578
-0.13769531
-0.3515625
0.08154297
-0.13085938
0.20019531
0.19628906
-0.22363281
-0.38085938
0.044189453
-0.25585938
0.15625
-0.03173828
-0.390625
0.15527344
-0.08105469
0.30078125
0.022949219
-0.10498047
-0.52734375
-0.03173828
-0.07080078
-0.2734375
-0.12695312
-0.14648438
0.28125
-0.05859375
-0.053955078
-0.13085938
0.017700195
0.08300781
0.055908203
0.21484375
0.10546875
-0.31445312
-0.14257812
-0.01586914
-0.11328125
0.064941406
0.05029297
-0.13671875
0.16308594
-0.24316406
0.07519531
0.29882812
0.20507812
0.13867188
-0.0013656616
0.05444336
0.006958008
-0.045410156
-0.26757812
-0.056152344
-0.012268066
0.09082031
-0.66015625
-0.049804688
-0.13476562
0.017089844
-0.16894531
-0.05493164
-0.09033203
-0.099609375
-0.06298828
-0.14746094
0.25
-0.05029297
0.0079956055
-0.171875
0.08544922
0.07421875
-0.032470703
0.017456055
-0.08496094
0.125
-0.07373047
-0.122558594
0.12695312
-0.14160156
-0.020507812
-0.37695312
0.12109375
-0.22167969
-0.3671875
0.021728516
-0.055664062
0.106933594
-0.13671875
-0.03930664
0.15332031
-0.18652344
0.24414062
0.20996094
0.14453125
0.30078125
-0.04272461
0.515625
-0.3515625
0.28515625
0.06225586
-0.1484375
-0.013122559
-0.0032196045
0.08691406
-0.12451172
0.032470703
-0.20996094
0.083984375
-0.3125
0.05517578
-0.045410156
0.0119018555
0.21386719
0.2734375
-0.059326172
-0.099609375
0.2109375
-0.27148438
0.03930664
-0.09423828
-0.0015869141
-0.050048828
0.28125
0.0045166016
-0.06640625
-0.092285156
-0.20898438
-0.12988281
-0.18359375
0.16308594
0.16308594
0.17578125
-0.24511719
0.109375
-0.3203125
0.14257812
0.27539062
-0.09423828
-0.03564453
-0.03125
0.18652344
-0.27148438
0.075683594
0.0115356445
0.13183594
0.110839844
-0.24316406
-0.29296875
-0.1953125
-0.2734375
-0.04711914
-0.029174805
-0.15332031
0.07324219
0.125
0.27539062
-0.038330078
0.013427734
-0.15136719
0.115722656
0.005554199
0.10546875
0.12207031
-0.119140625
0.11230469
-0.008605957
-0.15332031
0.030151367
0.048583984
-0.18945312
-0.010681152
0.20703125
0.11767578
-0.079589844
0.0115356445
0.12060547
-0.19238281
0.13867188
-0.16210938
0.025024414
0.12402344
0.0859375
0.076171875
0.17089844
-0.06201172
0.012512207
0.22949219
-0.083984375
-0.15527344
-0.039794922
0.122558594
0.44726562
-0.12597656
-0.18261719
-0.18164062
-0.03930664
0.1328125
-0.004486084
0.30273438
0.14160156
-0.07470703
0.06347656
-0.033447266
0.08984375
-0.26367188
-0.20019531
-0.06298828
-0.06738281
0.37304688
-0.043701172
0.049560547
-0.10839844
-0.041748047
-0.18066406
0.10449219
0.024414062
0.107910156
0.0010299683
0.018920898
-0.103515625
0.1484375
-0.07373047
0.11376953
0.037353516
0.005859375
0.29882812
0.21582031
