0.007873535
0.027832031
0.034179688
0.19433594
-0.104003906
-0.10546875
-0.08691406
0.10058594
-0.1328125
0.118652344
-0.17382812
0.059570312
-0.099609375
0.084472656
0.20996094
-0.07714844
-0.008422852
0.111816406
0.11425781
-0.28320312
0.123535156
-0.052734375
0.20507812
0.044189453
0.1328125
-0.008117676
-0.26367188
0.33398438
-0.23535156
0.076660156
0.23535156
-0.1875
-0.31445312
-0.34960938
0.10449219
-0.47265625
0.13476562
0.24707031
0.1640625
0.0013885498
0.060058594
-0.19238281
0.06542969
-0.04663086
-0.15820312
0.028930664
0.12792969
0.017822266
0.049804688
0.25585938
0.068359375
0.012084961
-0.22070312
-0.026733398
-0.26953125
-0.06298828
-0.42578125
-0.13964844
-0.19042969
-0.075683594
0.038330078
-0.140625
0.00077056885
0.049316406
-0.025512695
0.15039062
0.19140625
-0.088378906
-0.008666992
0.0001296997
-0.27929688
-0.061523438
-0.060546875
0.06347656
-0.12158203
-0.028930664
0.19433594
0.011047363
0.08496094
0.22460938
-0.09277344
-0.515625
0.012878418
-0.092285156
0.17871094
-0.01928711
0.013916016
-0.041015625
0.12207031
0.18457031
-0.12060547
-0.20410156
-0.28125
-0.027709961
-0.33203125
0.14355469
-0.024414062
0.005493164
-0.5
-0.45117188
-0.03125
0.11376953
0.076660156
0.15917969
-0.05883789
0.018432617
-0.025390625
-0.03515625
-0.53515625
-0.17773438
0.1328125
-0.15820312
0.10205078
-0.24902344
-0.07324219
-0.10888672
-0.0043640137
-0.15917969
0.11230469
0.19042969
-0.24511719
-0.19238281
-0.071777344
-0.3125
0.068359375
-0.15820312
-0.009155273
0.037597656
-0.20019531
0.049316406
-0.19140625
-0.030029297
-0.15136719
-0.20019531
-0.17675781
-0.091308594
0.076171875
-0.10839844
-0.051513672
-0.13183594
0.025390625
0.06738281
0.006134033
-0.15136719
0.029663086
-0.09423828
0.015625
0.07128906
-0.23242188
0.0030822754
0.26953125
0.06542969
0.32617188
0.24023438
0.22265625
0.14941406
-0.21484375
0.17480469
0.028564453
0.23046875
0.048339844
0.17773438
-0.03491211
-0.15429688
0.4140625
0.053710938
0.084472656
0.24414062
0.0072631836
-0.015991211
-0.3828125
-0.17773438
0.08203125
0.041503906
-0.056640625
-0.36328125
-0.01965332
-0.1328125
-0.060058594
-0.27929688
0.2109375
0.076660156
-0.03564453
0.035888672
0.48242188
-0.015258789
0.40820312
0.12890625
-0.19238281
-0.0065612793
-0.09277344
0.16210938
0.03173828
-0.07470703
-0.16503906
0.016723633
-0.040283203
-0.23339844
-0.1328125
-0.22460938
-0.08984375
-0.033203125
-0.075683594
0.16601562
-0.14355469
-0.41796875
0.34570312
0.067871094
0.00065231323
0.26171875
-0.06298828
0.22167969
0.05078125
-0.19726562
-0.12988281
0.067871094
0.171875
0.060791016
0.47265625
-0.13476562
-0.071777344
-0.3125
-0.13085938
-0.15234375
-0.33398438
0.08544922
-0.103027344
-0.0013961792
-0.21582031
-0.114746094
0.19335938
0.06225586
-0.13183594
-0.048095703
0.110839844
0.018554688
-0.14160156
-0.09667969
-0.05908203
-0.28320312
0.096191406
0.095703125
-0.21679688
-0.008483887
-0.14648438
0.34765625
0.075683594
0.09765625
0.10595703
0.00046157837
-0.10888672
0.12890625
-0.13183594
0.012207031
-0.041503906
0.06347656
0.41015625
0.091308594
0.18652344
-0.0021362305
0.22460938
0.20996094
0.31835938
0.15820312
0.09375
0.36328125
0.125
-0.032958984
0.007232666
0.11425781
-0.11669922
-0.29882812
0.15625
-0.17578125
-0.12792969
-0.09375
0.21386719
0.15625
-0.12695312
0.18066406
-0.056640625
0.4296875
0.13183594
0.060058594
-0.084472656
0.25585938
-0.08251953
0.049072266
-0.28515625
-0.05493164
-0.45703125
-0.038085938
-0.3359375
-0.076171875
-0.060058594
0.29101562
-0.02734375
0.022705078
0.22851562
0.22167969
